{
 "cells": [
  {
   "cell_type": "code",
   "execution_count": 1,
   "metadata": {},
   "outputs": [],
   "source": [
    "from pandas.tseries.offsets import BDay\n",
    "import requests\n",
    "from datetime import timedelta\n",
    "import numpy as np\n",
    "import pandas as pd"
   ]
  },
  {
   "cell_type": "code",
   "execution_count": 2,
   "metadata": {},
   "outputs": [
    {
     "data": {
      "text/html": [
       "<div>\n",
       "<style scoped>\n",
       "    .dataframe tbody tr th:only-of-type {\n",
       "        vertical-align: middle;\n",
       "    }\n",
       "\n",
       "    .dataframe tbody tr th {\n",
       "        vertical-align: top;\n",
       "    }\n",
       "\n",
       "    .dataframe thead th {\n",
       "        text-align: right;\n",
       "    }\n",
       "</style>\n",
       "<table border=\"1\" class=\"dataframe\">\n",
       "  <thead>\n",
       "    <tr style=\"text-align: right;\">\n",
       "      <th></th>\n",
       "      <th>v</th>\n",
       "      <th>vw</th>\n",
       "      <th>o</th>\n",
       "      <th>c</th>\n",
       "      <th>h</th>\n",
       "      <th>l</th>\n",
       "      <th>n</th>\n",
       "      <th>date</th>\n",
       "      <th>prev_close</th>\n",
       "      <th>daily_return</th>\n",
       "      <th>abs_daily_return</th>\n",
       "      <th>source</th>\n",
       "    </tr>\n",
       "  </thead>\n",
       "  <tbody>\n",
       "    <tr>\n",
       "      <th>5</th>\n",
       "      <td>193037</td>\n",
       "      <td>0.8735</td>\n",
       "      <td>0.87876</td>\n",
       "      <td>0.866590</td>\n",
       "      <td>0.87923</td>\n",
       "      <td>0.86580</td>\n",
       "      <td>193037</td>\n",
       "      <td>2023-07-12</td>\n",
       "      <td>0.87875</td>\n",
       "      <td>-0.013838</td>\n",
       "      <td>0.013838</td>\n",
       "      <td>historical</td>\n",
       "    </tr>\n",
       "    <tr>\n",
       "      <th>244</th>\n",
       "      <td>187960</td>\n",
       "      <td>0.8932</td>\n",
       "      <td>0.88558</td>\n",
       "      <td>0.897500</td>\n",
       "      <td>0.89937</td>\n",
       "      <td>0.88360</td>\n",
       "      <td>187960</td>\n",
       "      <td>2024-03-21</td>\n",
       "      <td>0.88555</td>\n",
       "      <td>0.013494</td>\n",
       "      <td>0.013494</td>\n",
       "      <td>historical</td>\n",
       "    </tr>\n",
       "    <tr>\n",
       "      <th>128</th>\n",
       "      <td>168024</td>\n",
       "      <td>0.8965</td>\n",
       "      <td>0.90127</td>\n",
       "      <td>0.889100</td>\n",
       "      <td>0.90271</td>\n",
       "      <td>0.88750</td>\n",
       "      <td>168024</td>\n",
       "      <td>2023-11-14</td>\n",
       "      <td>0.90120</td>\n",
       "      <td>-0.013427</td>\n",
       "      <td>0.013427</td>\n",
       "      <td>historical</td>\n",
       "    </tr>\n",
       "    <tr>\n",
       "      <th>212</th>\n",
       "      <td>191642</td>\n",
       "      <td>0.8825</td>\n",
       "      <td>0.87580</td>\n",
       "      <td>0.887420</td>\n",
       "      <td>0.88810</td>\n",
       "      <td>0.87520</td>\n",
       "      <td>191642</td>\n",
       "      <td>2024-02-13</td>\n",
       "      <td>0.87581</td>\n",
       "      <td>0.013256</td>\n",
       "      <td>0.013256</td>\n",
       "      <td>historical</td>\n",
       "    </tr>\n",
       "    <tr>\n",
       "      <th>171</th>\n",
       "      <td>174820</td>\n",
       "      <td>0.8495</td>\n",
       "      <td>0.85359</td>\n",
       "      <td>0.842500</td>\n",
       "      <td>0.85487</td>\n",
       "      <td>0.84060</td>\n",
       "      <td>174820</td>\n",
       "      <td>2023-12-27</td>\n",
       "      <td>0.85372</td>\n",
       "      <td>-0.013142</td>\n",
       "      <td>0.013142</td>\n",
       "      <td>historical</td>\n",
       "    </tr>\n",
       "    <tr>\n",
       "      <th>261</th>\n",
       "      <td>159390</td>\n",
       "      <td>0.9089</td>\n",
       "      <td>0.90297</td>\n",
       "      <td>0.913140</td>\n",
       "      <td>0.91470</td>\n",
       "      <td>0.90260</td>\n",
       "      <td>159390</td>\n",
       "      <td>2024-04-10</td>\n",
       "      <td>0.90303</td>\n",
       "      <td>0.011196</td>\n",
       "      <td>0.011196</td>\n",
       "      <td>historical</td>\n",
       "    </tr>\n",
       "    <tr>\n",
       "      <th>304</th>\n",
       "      <td>172177</td>\n",
       "      <td>0.9074</td>\n",
       "      <td>0.91319</td>\n",
       "      <td>0.903320</td>\n",
       "      <td>0.91408</td>\n",
       "      <td>0.90053</td>\n",
       "      <td>172177</td>\n",
       "      <td>2024-05-30</td>\n",
       "      <td>0.91311</td>\n",
       "      <td>-0.010722</td>\n",
       "      <td>0.010722</td>\n",
       "      <td>historical</td>\n",
       "    </tr>\n",
       "    <tr>\n",
       "      <th>203</th>\n",
       "      <td>184263</td>\n",
       "      <td>0.8610</td>\n",
       "      <td>0.85760</td>\n",
       "      <td>0.866698</td>\n",
       "      <td>0.86820</td>\n",
       "      <td>0.85510</td>\n",
       "      <td>184263</td>\n",
       "      <td>2024-02-02</td>\n",
       "      <td>0.85760</td>\n",
       "      <td>0.010609</td>\n",
       "      <td>0.010609</td>\n",
       "      <td>historical</td>\n",
       "    </tr>\n",
       "    <tr>\n",
       "      <th>13</th>\n",
       "      <td>181573</td>\n",
       "      <td>0.8609</td>\n",
       "      <td>0.85794</td>\n",
       "      <td>0.866230</td>\n",
       "      <td>0.86839</td>\n",
       "      <td>0.85580</td>\n",
       "      <td>181573</td>\n",
       "      <td>2023-07-20</td>\n",
       "      <td>0.85770</td>\n",
       "      <td>0.009945</td>\n",
       "      <td>0.009945</td>\n",
       "      <td>historical</td>\n",
       "    </tr>\n",
       "    <tr>\n",
       "      <th>278</th>\n",
       "      <td>180821</td>\n",
       "      <td>0.9142</td>\n",
       "      <td>0.91075</td>\n",
       "      <td>0.919590</td>\n",
       "      <td>0.91965</td>\n",
       "      <td>0.91020</td>\n",
       "      <td>180821</td>\n",
       "      <td>2024-04-30</td>\n",
       "      <td>0.91072</td>\n",
       "      <td>0.009740</td>\n",
       "      <td>0.009740</td>\n",
       "      <td>historical</td>\n",
       "    </tr>\n",
       "  </tbody>\n",
       "</table>\n",
       "</div>"
      ],
      "text/plain": [
       "          v      vw        o         c        h        l       n       date  \\\n",
       "5    193037  0.8735  0.87876  0.866590  0.87923  0.86580  193037 2023-07-12   \n",
       "244  187960  0.8932  0.88558  0.897500  0.89937  0.88360  187960 2024-03-21   \n",
       "128  168024  0.8965  0.90127  0.889100  0.90271  0.88750  168024 2023-11-14   \n",
       "212  191642  0.8825  0.87580  0.887420  0.88810  0.87520  191642 2024-02-13   \n",
       "171  174820  0.8495  0.85359  0.842500  0.85487  0.84060  174820 2023-12-27   \n",
       "261  159390  0.9089  0.90297  0.913140  0.91470  0.90260  159390 2024-04-10   \n",
       "304  172177  0.9074  0.91319  0.903320  0.91408  0.90053  172177 2024-05-30   \n",
       "203  184263  0.8610  0.85760  0.866698  0.86820  0.85510  184263 2024-02-02   \n",
       "13   181573  0.8609  0.85794  0.866230  0.86839  0.85580  181573 2023-07-20   \n",
       "278  180821  0.9142  0.91075  0.919590  0.91965  0.91020  180821 2024-04-30   \n",
       "\n",
       "     prev_close  daily_return  abs_daily_return      source  \n",
       "5       0.87875     -0.013838          0.013838  historical  \n",
       "244     0.88555      0.013494          0.013494  historical  \n",
       "128     0.90120     -0.013427          0.013427  historical  \n",
       "212     0.87581      0.013256          0.013256  historical  \n",
       "171     0.85372     -0.013142          0.013142  historical  \n",
       "261     0.90303      0.011196          0.011196  historical  \n",
       "304     0.91311     -0.010722          0.010722  historical  \n",
       "203     0.85760      0.010609          0.010609  historical  \n",
       "13      0.85770      0.009945          0.009945  historical  \n",
       "278     0.91072      0.009740          0.009740  historical  "
      ]
     },
     "execution_count": 2,
     "metadata": {},
     "output_type": "execute_result"
    }
   ],
   "source": [
    "def fetch_data(url):\n",
    "    response = requests.get(url)\n",
    "    if response.status_code != 200:\n",
    "        print(\"Error fetching data:\", response.status_code, response.text)\n",
    "        return None\n",
    "    data = response.json()\n",
    "    if 'results' not in data:\n",
    "        print(\"No 'results' key in response:\", data)\n",
    "        return None\n",
    "    return data\n",
    "\n",
    "def calculate_daily_returns(df, prev_close=None):\n",
    "    if prev_close is not None:\n",
    "        df.loc[df.index[0], 'prev_close'] = prev_close\n",
    "    else:\n",
    "        df['prev_close'] = df['c'].shift(1)\n",
    "    df['daily_return'] = (df['c'] - df['prev_close']) / df['prev_close']\n",
    "    df['abs_daily_return'] = df['daily_return'].abs()\n",
    "    return df\n",
    "\n",
    "def get_top_outliers(df, n=10):\n",
    "    return df.nlargest(n, 'abs_daily_return')\n",
    "\n",
    "def update_outliers_list(current_df, historical_outliers_df, real_time_outliers_df, n=10):\n",
    "    if 'source' not in current_df.columns:\n",
    "        current_df['source'] = 'real-time'\n",
    "    combined_df = pd.concat([historical_outliers_df, current_df])\n",
    "    updated_outliers_df = combined_df.nlargest(n, 'abs_daily_return')\n",
    "    updated_historical_outliers_df = updated_outliers_df[updated_outliers_df['source'] == 'historical']\n",
    "    updated_real_time_outliers_df = updated_outliers_df[updated_outliers_df['source'] == 'real-time']\n",
    "    return updated_historical_outliers_df, updated_real_time_outliers_df\n",
    "\n",
    "def convert_timestamps(df):\n",
    "    df['date'] = pd.to_datetime(df['t'], unit='ms')\n",
    "    df.drop(columns=['t'], inplace=True)\n",
    "    return df\n",
    "\n",
    "# API key and endpoints\n",
    "api_key = 'beBybSi8daPgsTp5yx5cHtHpYcrjp5Jq'\n",
    "today = pd.Timestamp.now().date()\n",
    "start_date = today - pd.DateOffset(years=1)\n",
    "start_date_formatted = start_date.strftime('%Y-%m-%d')\n",
    "end_date = today - pd.DateOffset(days=1)\n",
    "end_date_formatted = end_date.strftime('%Y-%m-%d')\n",
    "symbol = 'C:USDCHF'\n",
    "historical_url = f'https://api.polygon.io/v2/aggs/ticker/{symbol}/range/1/day/{start_date_formatted}/{end_date_formatted}?adjusted=true&sort=asc&apiKey={api_key}'\n",
    "real_time_url = f'https://api.polygon.io/v2/aggs/ticker/{symbol}/range/1/day/{today}/{today}?adjusted=true&sort=asc&apiKey={api_key}'\n",
    "\n",
    "# Fetch and process historical data\n",
    "historical_data = fetch_data(historical_url)\n",
    "if historical_data:\n",
    "    historical_df = pd.DataFrame(historical_data['results'])\n",
    "    historical_df = convert_timestamps(historical_df)\n",
    "    historical_df = calculate_daily_returns(historical_df)\n",
    "    historical_df['source'] = 'historical'\n",
    "    historical_outliers_df = get_top_outliers(historical_df)\n",
    "else:\n",
    "    print(\"Failed to fetch or process historical data.\")\n",
    "\n",
    "# Fetch and process real-time data\n",
    "real_time_data = fetch_data(real_time_url)\n",
    "if real_time_data and 'results' in real_time_data:\n",
    "    real_time_df = pd.DataFrame(real_time_data['results'])\n",
    "    real_time_df = convert_timestamps(real_time_df)\n",
    "    # Use the last close from historical data\n",
    "    last_close = historical_df['c'].iloc[-1] if not historical_df.empty else None\n",
    "    real_time_df = calculate_daily_returns(real_time_df, prev_close=last_close)\n",
    "    real_time_df['source'] = 'real-time'\n",
    "    updated_historical_outliers_df, updated_real_time_outliers_df = update_outliers_list(real_time_df, historical_outliers_df, pd.DataFrame())\n",
    "    # Update historical data\n",
    "    historical_df = pd.concat([historical_df.iloc[1:], real_time_df])  # Keep historical data rolling\n",
    "else:\n",
    "    print(\"No new data available or failed to fetch real-time data.\")\n",
    "    \n",
    "# Combine data for Top 10 Outliers\n",
    "full_outlier_df = pd.concat([updated_historical_outliers_df, updated_real_time_outliers_df])\n",
    "\n",
    "# Print the Outliers\n",
    "full_outlier_df"
   ]
  },
  {
   "cell_type": "code",
   "execution_count": 3,
   "metadata": {},
   "outputs": [
    {
     "data": {
      "text/html": [
       "<div>\n",
       "<style scoped>\n",
       "    .dataframe tbody tr th:only-of-type {\n",
       "        vertical-align: middle;\n",
       "    }\n",
       "\n",
       "    .dataframe tbody tr th {\n",
       "        vertical-align: top;\n",
       "    }\n",
       "\n",
       "    .dataframe thead th {\n",
       "        text-align: right;\n",
       "    }\n",
       "</style>\n",
       "<table border=\"1\" class=\"dataframe\">\n",
       "  <thead>\n",
       "    <tr style=\"text-align: right;\">\n",
       "      <th></th>\n",
       "      <th>v</th>\n",
       "      <th>vw</th>\n",
       "      <th>o</th>\n",
       "      <th>c</th>\n",
       "      <th>h</th>\n",
       "      <th>l</th>\n",
       "      <th>n</th>\n",
       "      <th>date</th>\n",
       "      <th>prev_close</th>\n",
       "      <th>daily_return</th>\n",
       "      <th>abs_daily_return</th>\n",
       "      <th>source</th>\n",
       "    </tr>\n",
       "  </thead>\n",
       "  <tbody>\n",
       "    <tr>\n",
       "      <th>5</th>\n",
       "      <td>193037</td>\n",
       "      <td>0.8735</td>\n",
       "      <td>0.87876</td>\n",
       "      <td>0.866590</td>\n",
       "      <td>0.87923</td>\n",
       "      <td>0.86580</td>\n",
       "      <td>193037</td>\n",
       "      <td>2023-07-12</td>\n",
       "      <td>0.87875</td>\n",
       "      <td>-0.013838</td>\n",
       "      <td>0.013838</td>\n",
       "      <td>historical</td>\n",
       "    </tr>\n",
       "    <tr>\n",
       "      <th>13</th>\n",
       "      <td>181573</td>\n",
       "      <td>0.8609</td>\n",
       "      <td>0.85794</td>\n",
       "      <td>0.866230</td>\n",
       "      <td>0.86839</td>\n",
       "      <td>0.85580</td>\n",
       "      <td>181573</td>\n",
       "      <td>2023-07-20</td>\n",
       "      <td>0.85770</td>\n",
       "      <td>0.009945</td>\n",
       "      <td>0.009945</td>\n",
       "      <td>historical</td>\n",
       "    </tr>\n",
       "    <tr>\n",
       "      <th>128</th>\n",
       "      <td>168024</td>\n",
       "      <td>0.8965</td>\n",
       "      <td>0.90127</td>\n",
       "      <td>0.889100</td>\n",
       "      <td>0.90271</td>\n",
       "      <td>0.88750</td>\n",
       "      <td>168024</td>\n",
       "      <td>2023-11-14</td>\n",
       "      <td>0.90120</td>\n",
       "      <td>-0.013427</td>\n",
       "      <td>0.013427</td>\n",
       "      <td>historical</td>\n",
       "    </tr>\n",
       "    <tr>\n",
       "      <th>171</th>\n",
       "      <td>174820</td>\n",
       "      <td>0.8495</td>\n",
       "      <td>0.85359</td>\n",
       "      <td>0.842500</td>\n",
       "      <td>0.85487</td>\n",
       "      <td>0.84060</td>\n",
       "      <td>174820</td>\n",
       "      <td>2023-12-27</td>\n",
       "      <td>0.85372</td>\n",
       "      <td>-0.013142</td>\n",
       "      <td>0.013142</td>\n",
       "      <td>historical</td>\n",
       "    </tr>\n",
       "    <tr>\n",
       "      <th>203</th>\n",
       "      <td>184263</td>\n",
       "      <td>0.8610</td>\n",
       "      <td>0.85760</td>\n",
       "      <td>0.866698</td>\n",
       "      <td>0.86820</td>\n",
       "      <td>0.85510</td>\n",
       "      <td>184263</td>\n",
       "      <td>2024-02-02</td>\n",
       "      <td>0.85760</td>\n",
       "      <td>0.010609</td>\n",
       "      <td>0.010609</td>\n",
       "      <td>historical</td>\n",
       "    </tr>\n",
       "    <tr>\n",
       "      <th>212</th>\n",
       "      <td>191642</td>\n",
       "      <td>0.8825</td>\n",
       "      <td>0.87580</td>\n",
       "      <td>0.887420</td>\n",
       "      <td>0.88810</td>\n",
       "      <td>0.87520</td>\n",
       "      <td>191642</td>\n",
       "      <td>2024-02-13</td>\n",
       "      <td>0.87581</td>\n",
       "      <td>0.013256</td>\n",
       "      <td>0.013256</td>\n",
       "      <td>historical</td>\n",
       "    </tr>\n",
       "    <tr>\n",
       "      <th>244</th>\n",
       "      <td>187960</td>\n",
       "      <td>0.8932</td>\n",
       "      <td>0.88558</td>\n",
       "      <td>0.897500</td>\n",
       "      <td>0.89937</td>\n",
       "      <td>0.88360</td>\n",
       "      <td>187960</td>\n",
       "      <td>2024-03-21</td>\n",
       "      <td>0.88555</td>\n",
       "      <td>0.013494</td>\n",
       "      <td>0.013494</td>\n",
       "      <td>historical</td>\n",
       "    </tr>\n",
       "    <tr>\n",
       "      <th>261</th>\n",
       "      <td>159390</td>\n",
       "      <td>0.9089</td>\n",
       "      <td>0.90297</td>\n",
       "      <td>0.913140</td>\n",
       "      <td>0.91470</td>\n",
       "      <td>0.90260</td>\n",
       "      <td>159390</td>\n",
       "      <td>2024-04-10</td>\n",
       "      <td>0.90303</td>\n",
       "      <td>0.011196</td>\n",
       "      <td>0.011196</td>\n",
       "      <td>historical</td>\n",
       "    </tr>\n",
       "    <tr>\n",
       "      <th>278</th>\n",
       "      <td>180821</td>\n",
       "      <td>0.9142</td>\n",
       "      <td>0.91075</td>\n",
       "      <td>0.919590</td>\n",
       "      <td>0.91965</td>\n",
       "      <td>0.91020</td>\n",
       "      <td>180821</td>\n",
       "      <td>2024-04-30</td>\n",
       "      <td>0.91072</td>\n",
       "      <td>0.009740</td>\n",
       "      <td>0.009740</td>\n",
       "      <td>historical</td>\n",
       "    </tr>\n",
       "    <tr>\n",
       "      <th>304</th>\n",
       "      <td>172177</td>\n",
       "      <td>0.9074</td>\n",
       "      <td>0.91319</td>\n",
       "      <td>0.903320</td>\n",
       "      <td>0.91408</td>\n",
       "      <td>0.90053</td>\n",
       "      <td>172177</td>\n",
       "      <td>2024-05-30</td>\n",
       "      <td>0.91311</td>\n",
       "      <td>-0.010722</td>\n",
       "      <td>0.010722</td>\n",
       "      <td>historical</td>\n",
       "    </tr>\n",
       "  </tbody>\n",
       "</table>\n",
       "</div>"
      ],
      "text/plain": [
       "          v      vw        o         c        h        l       n       date  \\\n",
       "5    193037  0.8735  0.87876  0.866590  0.87923  0.86580  193037 2023-07-12   \n",
       "13   181573  0.8609  0.85794  0.866230  0.86839  0.85580  181573 2023-07-20   \n",
       "128  168024  0.8965  0.90127  0.889100  0.90271  0.88750  168024 2023-11-14   \n",
       "171  174820  0.8495  0.85359  0.842500  0.85487  0.84060  174820 2023-12-27   \n",
       "203  184263  0.8610  0.85760  0.866698  0.86820  0.85510  184263 2024-02-02   \n",
       "212  191642  0.8825  0.87580  0.887420  0.88810  0.87520  191642 2024-02-13   \n",
       "244  187960  0.8932  0.88558  0.897500  0.89937  0.88360  187960 2024-03-21   \n",
       "261  159390  0.9089  0.90297  0.913140  0.91470  0.90260  159390 2024-04-10   \n",
       "278  180821  0.9142  0.91075  0.919590  0.91965  0.91020  180821 2024-04-30   \n",
       "304  172177  0.9074  0.91319  0.903320  0.91408  0.90053  172177 2024-05-30   \n",
       "\n",
       "     prev_close  daily_return  abs_daily_return      source  \n",
       "5       0.87875     -0.013838          0.013838  historical  \n",
       "13      0.85770      0.009945          0.009945  historical  \n",
       "128     0.90120     -0.013427          0.013427  historical  \n",
       "171     0.85372     -0.013142          0.013142  historical  \n",
       "203     0.85760      0.010609          0.010609  historical  \n",
       "212     0.87581      0.013256          0.013256  historical  \n",
       "244     0.88555      0.013494          0.013494  historical  \n",
       "261     0.90303      0.011196          0.011196  historical  \n",
       "278     0.91072      0.009740          0.009740  historical  \n",
       "304     0.91311     -0.010722          0.010722  historical  "
      ]
     },
     "execution_count": 3,
     "metadata": {},
     "output_type": "execute_result"
    }
   ],
   "source": [
    "sorted_outliers_data = full_outlier_df.sort_values(by=\"date\")\n",
    "sorted_outliers_data"
   ]
  },
  {
   "cell_type": "code",
   "execution_count": 4,
   "metadata": {},
   "outputs": [
    {
     "data": {
      "text/html": [
       "<div>\n",
       "<style scoped>\n",
       "    .dataframe tbody tr th:only-of-type {\n",
       "        vertical-align: middle;\n",
       "    }\n",
       "\n",
       "    .dataframe tbody tr th {\n",
       "        vertical-align: top;\n",
       "    }\n",
       "\n",
       "    .dataframe thead th {\n",
       "        text-align: right;\n",
       "    }\n",
       "</style>\n",
       "<table border=\"1\" class=\"dataframe\">\n",
       "  <thead>\n",
       "    <tr style=\"text-align: right;\">\n",
       "      <th></th>\n",
       "      <th>start_date</th>\n",
       "      <th>end_date</th>\n",
       "      <th>outlier_date</th>\n",
       "    </tr>\n",
       "  </thead>\n",
       "  <tbody>\n",
       "    <tr>\n",
       "      <th>5</th>\n",
       "      <td>2023-07-07</td>\n",
       "      <td>2023-07-17</td>\n",
       "      <td>2023-07-12</td>\n",
       "    </tr>\n",
       "    <tr>\n",
       "      <th>13</th>\n",
       "      <td>2023-07-17</td>\n",
       "      <td>2023-07-25</td>\n",
       "      <td>2023-07-20</td>\n",
       "    </tr>\n",
       "    <tr>\n",
       "      <th>128</th>\n",
       "      <td>2023-11-09</td>\n",
       "      <td>2023-11-17</td>\n",
       "      <td>2023-11-14</td>\n",
       "    </tr>\n",
       "    <tr>\n",
       "      <th>171</th>\n",
       "      <td>2023-12-22</td>\n",
       "      <td>2024-01-01</td>\n",
       "      <td>2023-12-27</td>\n",
       "    </tr>\n",
       "    <tr>\n",
       "      <th>203</th>\n",
       "      <td>2024-01-30</td>\n",
       "      <td>2024-02-07</td>\n",
       "      <td>2024-02-02</td>\n",
       "    </tr>\n",
       "    <tr>\n",
       "      <th>212</th>\n",
       "      <td>2024-02-08</td>\n",
       "      <td>2024-02-16</td>\n",
       "      <td>2024-02-13</td>\n",
       "    </tr>\n",
       "    <tr>\n",
       "      <th>244</th>\n",
       "      <td>2024-03-18</td>\n",
       "      <td>2024-03-26</td>\n",
       "      <td>2024-03-21</td>\n",
       "    </tr>\n",
       "    <tr>\n",
       "      <th>261</th>\n",
       "      <td>2024-04-05</td>\n",
       "      <td>2024-04-15</td>\n",
       "      <td>2024-04-10</td>\n",
       "    </tr>\n",
       "    <tr>\n",
       "      <th>278</th>\n",
       "      <td>2024-04-25</td>\n",
       "      <td>2024-05-03</td>\n",
       "      <td>2024-04-30</td>\n",
       "    </tr>\n",
       "    <tr>\n",
       "      <th>304</th>\n",
       "      <td>2024-05-27</td>\n",
       "      <td>2024-06-04</td>\n",
       "      <td>2024-05-30</td>\n",
       "    </tr>\n",
       "  </tbody>\n",
       "</table>\n",
       "</div>"
      ],
      "text/plain": [
       "    start_date   end_date outlier_date\n",
       "5   2023-07-07 2023-07-17   2023-07-12\n",
       "13  2023-07-17 2023-07-25   2023-07-20\n",
       "128 2023-11-09 2023-11-17   2023-11-14\n",
       "171 2023-12-22 2024-01-01   2023-12-27\n",
       "203 2024-01-30 2024-02-07   2024-02-02\n",
       "212 2024-02-08 2024-02-16   2024-02-13\n",
       "244 2024-03-18 2024-03-26   2024-03-21\n",
       "261 2024-04-05 2024-04-15   2024-04-10\n",
       "278 2024-04-25 2024-05-03   2024-04-30\n",
       "304 2024-05-27 2024-06-04   2024-05-30"
      ]
     },
     "execution_count": 4,
     "metadata": {},
     "output_type": "execute_result"
    }
   ],
   "source": [
    "# Convert dates in dataset to datetime objects\n",
    "sorted_outliers_data['date'] = pd.to_datetime(sorted_outliers_data['date'])\n",
    "\n",
    "date_ranges = pd.DataFrame({\n",
    "    \"start_date\": sorted_outliers_data['date'] - BDay(3),\n",
    "    \"end_date\": sorted_outliers_data['date'] + BDay(3),\n",
    "    \"outlier_date\": sorted_outliers_data['date'],\n",
    "})\n",
    "\n",
    "date_ranges"
   ]
  },
  {
   "cell_type": "code",
   "execution_count": 5,
   "metadata": {},
   "outputs": [],
   "source": [
    "def calculate_daily_returns(df, prev_close=None):\n",
    "    if prev_close is not None:\n",
    "        df.loc[df.index[0], 'prev_close'] = prev_close\n",
    "    else:\n",
    "        df['prev_close'] = df['c'].shift(1)\n",
    "    df['returns'] = (df['c'] - df['prev_close']) / df['prev_close']\n",
    "    return df\n",
    "\n",
    "def fetch_hourly_data_chunk(symbol, start_date, end_date, api_key):\n",
    "    formatted_start_date = start_date.strftime('%Y-%m-%d')\n",
    "    formatted_end_date = end_date.strftime('%Y-%m-%d')\n",
    "\n",
    "    url = f\"https://api.polygon.io/v2/aggs/ticker/{symbol}/range/1/hour/{formatted_start_date}/{formatted_end_date}?apiKey={api_key}\"\n",
    "    response = requests.get(url)\n",
    "    \n",
    "    if response.status_code != 200:\n",
    "        print(f\"Failed to fetch data: {response.status_code} - {response.text}\")\n",
    "        return None\n",
    "    \n",
    "    response_data = response.json()\n",
    "    \n",
    "    if 'results' not in response_data:\n",
    "        print(f\"No 'results' in response: {response_data}\")\n",
    "        return None\n",
    "\n",
    "    df = pd.DataFrame(response_data['results'])\n",
    "    df['date'] = pd.to_datetime(df['t'], unit='ms')\n",
    "    df.drop(columns=['t'], inplace=True)\n",
    "    \n",
    "    return df\n",
    "\n",
    "def fetch_and_process_hourly_data(symbol, start_date, end_date, api_key):\n",
    "    pd.set_option('display.max_rows', None)\n",
    "    pd.set_option('display.max_columns', None)\n",
    "    pd.set_option('display.max_colwidth', None)\n",
    "    \n",
    "    # Split the date range into smaller chunks\n",
    "    chunk_size = 3  # Fetch data in 7-day chunks\n",
    "    date_ranges = [(start_date + timedelta(days=i*chunk_size), \n",
    "                    min(end_date, start_date + timedelta(days=(i+1)*chunk_size - 1)))\n",
    "                   for i in range((end_date - start_date).days // chunk_size + 1)]\n",
    "\n",
    "    # print((end_date - start_date).days // chunk_size + 1)\n",
    "    all_data = []\n",
    "\n",
    "    for start, end in date_ranges:\n",
    "        chunk_data = fetch_hourly_data_chunk(symbol, start, end, api_key)\n",
    "        if chunk_data is not None:\n",
    "            all_data.append(chunk_data)\n",
    "    \n",
    "    if not all_data:\n",
    "        print(\"No data fetched\")\n",
    "        return None\n",
    "    \n",
    "    df = pd.concat(all_data)\n",
    "    hourly_data = calculate_daily_returns(df)\n",
    "    hourly_data.set_index('date', inplace=True)\n",
    "    \n",
    "    full_index = pd.date_range(start=start_date, end=end_date + timedelta(days=1), freq='H')\n",
    "    hourly_data = hourly_data.reindex(full_index)\n",
    "    \n",
    "    hourly_data.reset_index(inplace=True)\n",
    "    hourly_data.rename(columns={'index': 'date'}, inplace=True)\n",
    "    \n",
    "    return hourly_data\n"
   ]
  },
  {
   "cell_type": "code",
   "execution_count": 6,
   "metadata": {},
   "outputs": [
    {
     "name": "stderr",
     "output_type": "stream",
     "text": [
      "/var/folders/9n/nyfs9h7n2lsfs0vd2lq0589h0000gn/T/ipykernel_85086/28904841.py:59: FutureWarning: 'H' is deprecated and will be removed in a future version, please use 'h' instead.\n",
      "  full_index = pd.date_range(start=start_date, end=end_date + timedelta(days=1), freq='H')\n",
      "/var/folders/9n/nyfs9h7n2lsfs0vd2lq0589h0000gn/T/ipykernel_85086/4232170387.py:26: SettingWithCopyWarning: \n",
      "A value is trying to be set on a copy of a slice from a DataFrame.\n",
      "Try using .loc[row_indexer,col_indexer] = value instead\n",
      "\n",
      "See the caveats in the documentation: https://pandas.pydata.org/pandas-docs/stable/user_guide/indexing.html#returning-a-view-versus-a-copy\n",
      "  prior_data[\"day type\"] = \"prior day\"\n",
      "/var/folders/9n/nyfs9h7n2lsfs0vd2lq0589h0000gn/T/ipykernel_85086/4232170387.py:30: SettingWithCopyWarning: \n",
      "A value is trying to be set on a copy of a slice from a DataFrame.\n",
      "Try using .loc[row_indexer,col_indexer] = value instead\n",
      "\n",
      "See the caveats in the documentation: https://pandas.pydata.org/pandas-docs/stable/user_guide/indexing.html#returning-a-view-versus-a-copy\n",
      "  outlier_data[\"day type\"] = \"outlier day\"\n",
      "/var/folders/9n/nyfs9h7n2lsfs0vd2lq0589h0000gn/T/ipykernel_85086/4232170387.py:38: SettingWithCopyWarning: \n",
      "A value is trying to be set on a copy of a slice from a DataFrame.\n",
      "Try using .loc[row_indexer,col_indexer] = value instead\n",
      "\n",
      "See the caveats in the documentation: https://pandas.pydata.org/pandas-docs/stable/user_guide/indexing.html#returning-a-view-versus-a-copy\n",
      "  post_data[\"day type\"] = \"post day\"\n"
     ]
    },
    {
     "name": "stdout",
     "output_type": "stream",
     "text": [
      "                   date        v      vw         o         c         h  \\\n",
      "0   2023-07-07 00:00:00   5335.0  0.8959  0.895310  0.896460  0.896800   \n",
      "1   2023-07-07 01:00:00   4863.0  0.8962  0.896450  0.896390  0.896520   \n",
      "2   2023-07-07 02:00:00   5049.0  0.8963  0.896400  0.895920  0.896450   \n",
      "3   2023-07-07 03:00:00   3826.0  0.8959  0.895900  0.896050  0.896200   \n",
      "4   2023-07-07 04:00:00   5568.0  0.8959  0.896050  0.895500  0.896215   \n",
      "5   2023-07-07 05:00:00   7495.0  0.8956  0.895800  0.895930  0.896000   \n",
      "6   2023-07-07 06:00:00   7540.0  0.8953  0.895700  0.895480  0.895930   \n",
      "7   2023-07-07 07:00:00   9453.0  0.8953  0.895500  0.895770  0.896030   \n",
      "8   2023-07-07 08:00:00   9152.0  0.8959  0.895780  0.895720  0.896500   \n",
      "9   2023-07-07 09:00:00  10078.0  0.8956  0.895750  0.895830  0.896300   \n",
      "10  2023-07-07 10:00:00   7882.0  0.8956  0.895800  0.895100  0.896050   \n",
      "11  2023-07-07 11:00:00   7795.0  0.8953  0.895270  0.895500  0.895573   \n",
      "12  2023-07-07 12:00:00  14490.0  0.8942  0.895540  0.893140  0.897010   \n",
      "13  2023-07-07 13:00:00  15330.0  0.8931  0.893130  0.892470  0.894660   \n",
      "14  2023-07-07 14:00:00  11867.0  0.8911  0.892490  0.889930  0.893170   \n",
      "15  2023-07-07 15:00:00  10503.0  0.8898  0.889900  0.888770  0.892000   \n",
      "16  2023-07-07 16:00:00   7171.0  0.8884  0.888780  0.887950  0.888950   \n",
      "17  2023-07-07 17:00:00   5326.0  0.8881  0.887950  0.888040  0.888500   \n",
      "18  2023-07-07 18:00:00   4961.0  0.8883  0.888040  0.888450  0.888700   \n",
      "19  2023-07-07 19:00:00   6175.0  0.8888  0.888460  0.888900  0.889140   \n",
      "20  2023-07-07 20:00:00   4077.0  0.8890  0.888910  0.888200  0.889310   \n",
      "21  2023-07-07 21:00:00    166.0  0.8885  0.888510  0.888465  0.888600   \n",
      "22  2023-07-07 22:00:00    149.0  0.8885  0.888499  0.888465  0.888499   \n",
      "23  2023-07-07 23:00:00    152.0  0.8885  0.888499  0.888465  0.888499   \n",
      "24  2023-07-08 00:00:00      5.0  0.8885  0.888499  0.888499  0.888499   \n",
      "25  2023-07-08 01:00:00      4.0  0.8884  0.888465  0.888499  0.888499   \n",
      "26  2023-07-08 02:00:00      6.0  0.8883  0.888200  0.888499  0.888499   \n",
      "27  2023-07-08 03:00:00      4.0  0.8884  0.888200  0.888499  0.888499   \n",
      "28  2023-07-08 04:00:00      4.0  0.8884  0.888200  0.888499  0.888499   \n",
      "29  2023-07-08 05:00:00      6.0  0.8884  0.888200  0.888499  0.888499   \n",
      "30  2023-07-08 06:00:00      4.0  0.8883  0.888200  0.888499  0.888499   \n",
      "31  2023-07-08 07:00:00      6.0  0.8883  0.888200  0.888499  0.888499   \n",
      "32  2023-07-08 08:00:00      4.0  0.8883  0.888200  0.888499  0.888499   \n",
      "33  2023-07-08 09:00:00      4.0  0.8884  0.888200  0.888499  0.888499   \n",
      "34  2023-07-08 10:00:00      6.0  0.8884  0.888200  0.888499  0.888499   \n",
      "35  2023-07-08 11:00:00      4.0  0.8883  0.888200  0.888499  0.888499   \n",
      "36  2023-07-08 12:00:00      6.0  0.8883  0.888200  0.888499  0.888499   \n",
      "37  2023-07-08 13:00:00      4.0  0.8883  0.888200  0.888499  0.888499   \n",
      "38  2023-07-08 14:00:00      4.0  0.8883  0.888200  0.888499  0.888499   \n",
      "39  2023-07-08 15:00:00      6.0  0.8883  0.888200  0.888499  0.888499   \n",
      "40  2023-07-08 16:00:00      4.0  0.8884  0.888200  0.888499  0.888499   \n",
      "41  2023-07-08 17:00:00      6.0  0.8883  0.888200  0.888499  0.888499   \n",
      "42  2023-07-08 18:00:00      4.0  0.8883  0.888200  0.888499  0.888499   \n",
      "43  2023-07-08 19:00:00      4.0  0.8883  0.888200  0.888499  0.888499   \n",
      "44  2023-07-08 20:00:00      6.0  0.8883  0.888200  0.888499  0.888499   \n",
      "45  2023-07-08 21:00:00      4.0  0.8883  0.888200  0.888499  0.888499   \n",
      "46  2023-07-08 22:00:00      6.0  0.8883  0.888200  0.888499  0.888499   \n",
      "47  2023-07-08 23:00:00      4.0  0.8883  0.888200  0.888499  0.888499   \n",
      "48  2023-07-09 00:00:00      4.0  0.8883  0.888200  0.888499  0.888499   \n",
      "49  2023-07-09 01:00:00      6.0  0.8883  0.888200  0.888499  0.888499   \n",
      "50  2023-07-09 02:00:00      4.0  0.8883  0.888200  0.888499  0.888499   \n",
      "51  2023-07-09 03:00:00      4.0  0.8883  0.888200  0.888499  0.888499   \n",
      "52  2023-07-09 04:00:00      6.0  0.8883  0.888200  0.888499  0.888499   \n",
      "53  2023-07-09 05:00:00      4.0  0.8884  0.888200  0.888499  0.888499   \n",
      "54  2023-07-09 06:00:00      6.0  0.8884  0.888200  0.888499  0.888499   \n",
      "55  2023-07-09 07:00:00      4.0  0.8884  0.888200  0.888499  0.888499   \n",
      "56  2023-07-09 08:00:00      4.0  0.8884  0.888200  0.888499  0.888499   \n",
      "57  2023-07-09 09:00:00      6.0  0.8883  0.888200  0.888499  0.888499   \n",
      "58  2023-07-09 10:00:00      NaN     NaN       NaN       NaN       NaN   \n",
      "59  2023-07-09 11:00:00      NaN     NaN       NaN       NaN       NaN   \n",
      "60  2023-07-09 12:00:00      NaN     NaN       NaN       NaN       NaN   \n",
      "61  2023-07-09 13:00:00      4.0  0.8884  0.888300  0.888499  0.888499   \n",
      "62  2023-07-09 14:00:00      4.0  0.8884  0.888300  0.888499  0.888499   \n",
      "63  2023-07-09 15:00:00      6.0  0.8884  0.888300  0.888499  0.888499   \n",
      "64  2023-07-09 16:00:00      2.0  0.8884  0.888300  0.888499  0.888499   \n",
      "65  2023-07-09 17:00:00      6.0  0.8884  0.888300  0.888499  0.888499   \n",
      "66  2023-07-09 18:00:00      4.0  0.8884  0.888300  0.888499  0.888499   \n",
      "67  2023-07-09 19:00:00      5.0  0.8885  0.888300  0.888742  0.888742   \n",
      "68  2023-07-09 20:00:00      2.0  0.8881  0.887985  0.888203  0.888203   \n",
      "69  2023-07-09 21:00:00      3.0  0.8881  0.888203  0.887910  0.888320   \n",
      "70  2023-07-09 22:00:00   1457.0  0.8887  0.888590  0.888756  0.889050   \n",
      "71  2023-07-09 23:00:00   2430.0  0.8892  0.888830  0.888970  0.889570   \n",
      "72  2023-07-10 00:00:00   6259.0  0.8896  0.888970  0.889500  0.890000   \n",
      "73  2023-07-10 01:00:00   8253.0  0.8895  0.889510  0.889600  0.890100   \n",
      "74  2023-07-10 02:00:00   7997.0  0.8900  0.889730  0.890000  0.890400   \n",
      "75  2023-07-10 03:00:00   7232.0  0.8903  0.890000  0.890520  0.890700   \n",
      "76  2023-07-10 04:00:00   6482.0  0.8905  0.890500  0.890750  0.890800   \n",
      "77  2023-07-10 05:00:00   7513.0  0.8910  0.890730  0.891500  0.891600   \n",
      "78  2023-07-10 06:00:00   6869.0  0.8909  0.891490  0.890730  0.891500   \n",
      "79  2023-07-10 07:00:00   9332.0  0.8902  0.890710  0.890480  0.890910   \n",
      "80  2023-07-10 08:00:00   8081.0  0.8897  0.890520  0.889390  0.890560   \n",
      "81  2023-07-10 09:00:00   7811.0  0.8891  0.889360  0.889180  0.889640   \n",
      "82  2023-07-10 10:00:00   8174.0  0.8896  0.889170  0.889770  0.890000   \n",
      "83  2023-07-10 11:00:00   7908.0  0.8900  0.889790  0.890310  0.890500   \n",
      "84  2023-07-10 12:00:00  10169.0  0.8909  0.890320  0.891500  0.891800   \n",
      "85  2023-07-10 13:00:00  11385.0  0.8903  0.891510  0.889100  0.891510   \n",
      "86  2023-07-10 14:00:00  11259.0  0.8881  0.889160  0.888380  0.889200   \n",
      "87  2023-07-10 15:00:00  10370.0  0.8876  0.888370  0.886890  0.888460   \n",
      "88  2023-07-10 16:00:00   8342.0  0.8868  0.886900  0.886490  0.887420   \n",
      "89  2023-07-10 17:00:00   7584.0  0.8863  0.886500  0.886060  0.886700   \n",
      "90  2023-07-10 18:00:00   6430.0  0.8858  0.885800  0.885340  0.886400   \n",
      "91  2023-07-10 19:00:00   5572.0  0.8855  0.885340  0.885620  0.885700   \n",
      "92  2023-07-10 20:00:00   3637.0  0.8853  0.885610  0.885160  0.885700   \n",
      "93  2023-07-10 21:00:00    678.0  0.8855  0.885160  0.885400  0.886400   \n",
      "94  2023-07-10 22:00:00   2225.0  0.8853  0.885630  0.885260  0.885630   \n",
      "95  2023-07-10 23:00:00   2558.0  0.8852  0.885250  0.885170  0.885500   \n",
      "96  2023-07-11 00:00:00   4443.0  0.8850  0.885020  0.884800  0.885300   \n",
      "97  2023-07-11 01:00:00   4892.0  0.8848  0.884900  0.884760  0.885040   \n",
      "98  2023-07-11 02:00:00   4880.0  0.8846  0.884770  0.884120  0.885000   \n",
      "99  2023-07-11 03:00:00   4621.0  0.8844  0.884150  0.884240  0.884700   \n",
      "100 2023-07-11 04:00:00   4718.0  0.8843  0.884260  0.884250  0.884500   \n",
      "101 2023-07-11 05:00:00   6339.0  0.8843  0.884230  0.884790  0.884830   \n",
      "102 2023-07-11 06:00:00   8947.0  0.8831  0.884780  0.882780  0.884780   \n",
      "103 2023-07-11 07:00:00  10435.0  0.8826  0.882750  0.882380  0.883390   \n",
      "104 2023-07-11 08:00:00   7907.0  0.8815  0.882400  0.881750  0.882440   \n",
      "105 2023-07-11 09:00:00   7969.0  0.8821  0.881740  0.882630  0.882720   \n",
      "106 2023-07-11 10:00:00   7329.0  0.8817  0.882590  0.881630  0.882700   \n",
      "107 2023-07-11 11:00:00   7832.0  0.8818  0.881630  0.881700  0.882100   \n",
      "108 2023-07-11 12:00:00   9879.0  0.8827  0.881920  0.883280  0.883710   \n",
      "109 2023-07-11 13:00:00  10436.0  0.8829  0.883290  0.882270  0.883500   \n",
      "110 2023-07-11 14:00:00   9575.0  0.8818  0.882300  0.882080  0.882650   \n",
      "111 2023-07-11 15:00:00   7452.0  0.8813  0.882110  0.880560  0.882310   \n",
      "112 2023-07-11 16:00:00   5052.0  0.8803  0.880560  0.879950  0.880700   \n",
      "113 2023-07-11 17:00:00   5164.0  0.8797  0.879930  0.879700  0.880000   \n",
      "114 2023-07-11 18:00:00   4905.0  0.8798  0.879500  0.879820  0.880217   \n",
