{
 "cells": [
  {
   "cell_type": "code",
   "execution_count": 1,
   "metadata": {},
   "outputs": [],
   "source": [
    "from pandas.tseries.offsets import BDay\n",
    "import requests\n",
    "from datetime import timedelta\n",
    "from scipy.stats import pearsonr\n",
    "import numpy as np\n",
    "import pandas as pd\n",
    "from sklearn.preprocessing import MinMaxScaler, LabelEncoder\n",
    "from sklearn.model_selection import train_test_split\n",
    "from tensorflow.keras.models import Sequential, Model\n",
    "from tensorflow.keras.layers import LSTM, Dense, Reshape, Input, Masking, TimeDistributed\n",
    "from tensorflow.keras.optimizers import Adam\n",
    "from tensorflow.keras.preprocessing.sequence import pad_sequences\n",
    "from tensorflow.keras.metrics import Precision, Recall\n",
    "from tensorflow.keras.utils import to_categorical\n",
    "from sklearn.metrics import accuracy_score"
   ]
  },
  {
   "cell_type": "markdown",
   "metadata": {},
   "source": [
    "# Data Preparatation"
   ]
  },
  {
   "cell_type": "code",
   "execution_count": 2,
   "metadata": {},
   "outputs": [
    {
     "data": {
      "text/html": [
       "<div>\n",
       "<style scoped>\n",
       "    .dataframe tbody tr th:only-of-type {\n",
       "        vertical-align: middle;\n",
       "    }\n",
       "\n",
       "    .dataframe tbody tr th {\n",
       "        vertical-align: top;\n",
       "    }\n",
       "\n",
       "    .dataframe thead th {\n",
       "        text-align: right;\n",
       "    }\n",
       "</style>\n",
       "<table border=\"1\" class=\"dataframe\">\n",
       "  <thead>\n",
       "    <tr style=\"text-align: right;\">\n",
       "      <th></th>\n",
       "      <th>v</th>\n",
       "      <th>vw</th>\n",
       "      <th>o</th>\n",
       "      <th>c</th>\n",
       "      <th>h</th>\n",
       "      <th>l</th>\n",
       "      <th>n</th>\n",
       "      <th>date</th>\n",
       "      <th>prev_close</th>\n",
       "      <th>daily_return</th>\n",
       "      <th>abs_daily_return</th>\n",
       "      <th>source</th>\n",
       "    </tr>\n",
       "  </thead>\n",
       "  <tbody>\n",
       "    <tr>\n",
       "      <th>222</th>\n",
       "      <td>187960</td>\n",
       "      <td>0.8932</td>\n",
       "      <td>0.88558</td>\n",
       "      <td>0.897500</td>\n",
       "      <td>0.89937</td>\n",
       "      <td>0.88360</td>\n",
       "      <td>187960</td>\n",
       "      <td>2024-03-21</td>\n",
       "      <td>0.88555</td>\n",
       "      <td>0.013494</td>\n",
       "      <td>0.013494</td>\n",
       "      <td>historical</td>\n",
       "    </tr>\n",
       "    <tr>\n",
       "      <th>106</th>\n",
       "      <td>168024</td>\n",
       "      <td>0.8965</td>\n",
       "      <td>0.90127</td>\n",
       "      <td>0.889100</td>\n",
       "      <td>0.90271</td>\n",
       "      <td>0.88750</td>\n",
       "      <td>168024</td>\n",
       "      <td>2023-11-14</td>\n",
       "      <td>0.90120</td>\n",
       "      <td>-0.013427</td>\n",
       "      <td>0.013427</td>\n",
       "      <td>historical</td>\n",
       "    </tr>\n",
       "    <tr>\n",
       "      <th>190</th>\n",
       "      <td>191642</td>\n",
       "      <td>0.8825</td>\n",
       "      <td>0.87580</td>\n",
       "      <td>0.887420</td>\n",
       "      <td>0.88810</td>\n",
       "      <td>0.87520</td>\n",
       "      <td>191642</td>\n",
       "      <td>2024-02-13</td>\n",
       "      <td>0.87581</td>\n",
       "      <td>0.013256</td>\n",
       "      <td>0.013256</td>\n",
       "      <td>historical</td>\n",
       "    </tr>\n",
       "    <tr>\n",
       "      <th>149</th>\n",
       "      <td>174820</td>\n",
       "      <td>0.8495</td>\n",
       "      <td>0.85359</td>\n",
       "      <td>0.842500</td>\n",
       "      <td>0.85487</td>\n",
       "      <td>0.84060</td>\n",
       "      <td>174820</td>\n",
       "      <td>2023-12-27</td>\n",
       "      <td>0.85372</td>\n",
       "      <td>-0.013142</td>\n",
       "      <td>0.013142</td>\n",
       "      <td>historical</td>\n",
       "    </tr>\n",
       "    <tr>\n",
       "      <th>323</th>\n",
       "      <td>160058</td>\n",
       "      <td>0.8871</td>\n",
       "      <td>0.89375</td>\n",
       "      <td>0.881950</td>\n",
       "      <td>0.89411</td>\n",
       "      <td>0.88166</td>\n",
       "      <td>160058</td>\n",
       "      <td>2024-07-17</td>\n",
       "      <td>0.89338</td>\n",
       "      <td>-0.012794</td>\n",
       "      <td>0.012794</td>\n",
       "      <td>historical</td>\n",
       "    </tr>\n",
       "    <tr>\n",
       "      <th>239</th>\n",
       "      <td>159390</td>\n",
       "      <td>0.9089</td>\n",
       "      <td>0.90297</td>\n",
       "      <td>0.913140</td>\n",
       "      <td>0.91470</td>\n",
       "      <td>0.90260</td>\n",
       "      <td>159390</td>\n",
       "      <td>2024-04-10</td>\n",
       "      <td>0.90303</td>\n",
       "      <td>0.011196</td>\n",
       "      <td>0.011196</td>\n",
       "      <td>historical</td>\n",
       "    </tr>\n",
       "    <tr>\n",
       "      <th>282</th>\n",
       "      <td>172177</td>\n",
       "      <td>0.9074</td>\n",
       "      <td>0.91319</td>\n",
       "      <td>0.903320</td>\n",
       "      <td>0.91408</td>\n",
       "      <td>0.90053</td>\n",
       "      <td>172177</td>\n",
       "      <td>2024-05-30</td>\n",
       "      <td>0.91311</td>\n",
       "      <td>-0.010722</td>\n",
       "      <td>0.010722</td>\n",
       "      <td>historical</td>\n",
       "    </tr>\n",
       "    <tr>\n",
       "      <th>181</th>\n",
       "      <td>184263</td>\n",
       "      <td>0.8610</td>\n",
       "      <td>0.85760</td>\n",
       "      <td>0.866698</td>\n",
       "      <td>0.86820</td>\n",
       "      <td>0.85510</td>\n",
       "      <td>184263</td>\n",
       "      <td>2024-02-02</td>\n",
       "      <td>0.85760</td>\n",
       "      <td>0.010609</td>\n",
       "      <td>0.010609</td>\n",
       "      <td>historical</td>\n",
       "    </tr>\n",
       "    <tr>\n",
       "      <th>256</th>\n",
       "      <td>180821</td>\n",
       "      <td>0.9142</td>\n",
       "      <td>0.91075</td>\n",
       "      <td>0.919590</td>\n",
       "      <td>0.91965</td>\n",
       "      <td>0.91020</td>\n",
       "      <td>180821</td>\n",
       "      <td>2024-04-30</td>\n",
       "      <td>0.91072</td>\n",
       "      <td>0.009740</td>\n",
       "      <td>0.009740</td>\n",
       "      <td>historical</td>\n",
       "    </tr>\n",
       "    <tr>\n",
       "      <th>154</th>\n",
       "      <td>148722</td>\n",
       "      <td>0.8473</td>\n",
       "      <td>0.84185</td>\n",
       "      <td>0.850040</td>\n",
       "      <td>0.85067</td>\n",
       "      <td>0.84150</td>\n",
       "      <td>148722</td>\n",
       "      <td>2024-01-02</td>\n",
       "      <td>0.84192</td>\n",
       "      <td>0.009645</td>\n",
       "      <td>0.009645</td>\n",
       "      <td>historical</td>\n",
       "    </tr>\n",
       "  </tbody>\n",
       "</table>\n",
       "</div>"
      ],
      "text/plain": [
       "          v      vw        o         c        h        l       n       date  \\\n",
       "222  187960  0.8932  0.88558  0.897500  0.89937  0.88360  187960 2024-03-21   \n",
       "106  168024  0.8965  0.90127  0.889100  0.90271  0.88750  168024 2023-11-14   \n",
       "190  191642  0.8825  0.87580  0.887420  0.88810  0.87520  191642 2024-02-13   \n",
       "149  174820  0.8495  0.85359  0.842500  0.85487  0.84060  174820 2023-12-27   \n",
       "323  160058  0.8871  0.89375  0.881950  0.89411  0.88166  160058 2024-07-17   \n",
       "239  159390  0.9089  0.90297  0.913140  0.91470  0.90260  159390 2024-04-10   \n",
       "282  172177  0.9074  0.91319  0.903320  0.91408  0.90053  172177 2024-05-30   \n",
       "181  184263  0.8610  0.85760  0.866698  0.86820  0.85510  184263 2024-02-02   \n",
       "256  180821  0.9142  0.91075  0.919590  0.91965  0.91020  180821 2024-04-30   \n",
       "154  148722  0.8473  0.84185  0.850040  0.85067  0.84150  148722 2024-01-02   \n",
       "\n",
       "     prev_close  daily_return  abs_daily_return      source  \n",
       "222     0.88555      0.013494          0.013494  historical  \n",
       "106     0.90120     -0.013427          0.013427  historical  \n",
       "190     0.87581      0.013256          0.013256  historical  \n",
       "149     0.85372     -0.013142          0.013142  historical  \n",
       "323     0.89338     -0.012794          0.012794  historical  \n",
       "239     0.90303      0.011196          0.011196  historical  \n",
       "282     0.91311     -0.010722          0.010722  historical  \n",
       "181     0.85760      0.010609          0.010609  historical  \n",
       "256     0.91072      0.009740          0.009740  historical  \n",
       "154     0.84192      0.009645          0.009645  historical  "
      ]
     },
     "execution_count": 2,
     "metadata": {},
     "output_type": "execute_result"
    }
   ],
   "source": [
    "def fetch_data(url):\n",
    "    response = requests.get(url)\n",
    "    if response.status_code != 200:\n",
    "        print(\"Error fetching data:\", response.status_code, response.text)\n",
    "        return None\n",
    "    data = response.json()\n",
    "    if 'results' not in data:\n",
    "        print(\"No 'results' key in response:\", data)\n",
    "        return None\n",
    "    return data\n",
    "\n",
    "def calculate_daily_returns(df, prev_close=None):\n",
    "    if prev_close is not None:\n",
    "        df.loc[df.index[0], 'prev_close'] = prev_close\n",
    "    else:\n",
    "        df['prev_close'] = df['c'].shift(1)\n",
    "    df['daily_return'] = (df['c'] - df['prev_close']) / df['prev_close']\n",
    "    df['abs_daily_return'] = df['daily_return'].abs()\n",
    "    return df\n",
    "\n",
    "def get_top_outliers(df, n=10):\n",
    "    return df.nlargest(n, 'abs_daily_return')\n",
    "\n",
    "def update_outliers_list(current_df, historical_outliers_df, real_time_outliers_df, n=10):\n",
    "    if 'source' not in current_df.columns:\n",
    "        current_df['source'] = 'real-time'\n",
    "    combined_df = pd.concat([historical_outliers_df, current_df])\n",
    "    updated_outliers_df = combined_df.nlargest(n, 'abs_daily_return')\n",
    "    updated_historical_outliers_df = updated_outliers_df[updated_outliers_df['source'] == 'historical']\n",
    "    updated_real_time_outliers_df = updated_outliers_df[updated_outliers_df['source'] == 'real-time']\n",
    "    return updated_historical_outliers_df, updated_real_time_outliers_df\n",
    "\n",
    "def convert_timestamps(df):\n",
    "    df['date'] = pd.to_datetime(df['t'], unit='ms')\n",
    "    df.drop(columns=['t'], inplace=True)\n",
    "    return df\n",
    "\n",
    "# API key and endpoints\n",
    "api_key = 'beBybSi8daPgsTp5yx5cHtHpYcrjp5Jq'\n",
    "today = pd.Timestamp.now().date()\n",
    "start_date = today - pd.DateOffset(years=1)\n",
    "start_date_formatted = start_date.strftime('%Y-%m-%d')\n",
    "end_date = today - pd.DateOffset(days=1)\n",
    "end_date_formatted = end_date.strftime('%Y-%m-%d')\n",
    "pair = 'C:USDCHF'\n",
    "historical_url = f'https://api.polygon.io/v2/aggs/ticker/{pair}/range/1/day/{start_date_formatted}/{end_date_formatted}?adjusted=true&sort=asc&apiKey={api_key}'\n",
    "real_time_url = f'https://api.polygon.io/v2/aggs/ticker/{pair}/range/1/day/{today}/{today}?adjusted=true&sort=asc&apiKey={api_key}'\n",
    "\n",
    "# Fetch and process historical data\n",
    "historical_data = fetch_data(historical_url)\n",
    "if historical_data:\n",
    "    historical_df = pd.DataFrame(historical_data['results'])\n",
    "    historical_df = convert_timestamps(historical_df)\n",
    "    historical_df = calculate_daily_returns(historical_df)\n",
    "    historical_df['source'] = 'historical'\n",
    "    historical_outliers_df = get_top_outliers(historical_df)\n",
    "else:\n",
    "    print(\"Failed to fetch or process historical data.\")\n",
    "\n",
    "# Fetch and process real-time data\n",
    "real_time_data = fetch_data(real_time_url)\n",
    "if real_time_data and 'results' in real_time_data:\n",
    "    real_time_df = pd.DataFrame(real_time_data['results'])\n",
    "    real_time_df = convert_timestamps(real_time_df)\n",
    "    # Use the last close from historical data\n",
    "    last_close = historical_df['c'].iloc[-1] if not historical_df.empty else None\n",
    "    real_time_df = calculate_daily_returns(real_time_df, prev_close=last_close)\n",
    "    real_time_df['source'] = 'real-time'\n",
    "    updated_historical_outliers_df, updated_real_time_outliers_df = update_outliers_list(real_time_df, historical_outliers_df, pd.DataFrame())\n",
    "    # Update historical data\n",
    "    historical_df = pd.concat([historical_df.iloc[1:], real_time_df])  # Keep historical data rolling\n",
    "else:\n",
    "    print(\"No new data available or failed to fetch real-time data.\")\n",
    "    \n",
    "# Combine data for Top 10 Outliers\n",
    "full_outlier_df = pd.concat([updated_historical_outliers_df, updated_real_time_outliers_df])\n",
    "\n",
    "# Print the Outliers\n",
    "full_outlier_df"
   ]
  },
  {
   "cell_type": "code",
   "execution_count": 3,
   "metadata": {},
   "outputs": [
    {
     "data": {
      "text/html": [
       "<div>\n",
       "<style scoped>\n",
       "    .dataframe tbody tr th:only-of-type {\n",
       "        vertical-align: middle;\n",
       "    }\n",
       "\n",
       "    .dataframe tbody tr th {\n",
       "        vertical-align: top;\n",
       "    }\n",
       "\n",
       "    .dataframe thead th {\n",
       "        text-align: right;\n",
       "    }\n",
       "</style>\n",
       "<table border=\"1\" class=\"dataframe\">\n",
       "  <thead>\n",
       "    <tr style=\"text-align: right;\">\n",
       "      <th></th>\n",
       "      <th>v</th>\n",
       "      <th>vw</th>\n",
       "      <th>o</th>\n",
       "      <th>c</th>\n",
       "      <th>h</th>\n",
       "      <th>l</th>\n",
       "      <th>n</th>\n",
       "      <th>date</th>\n",
       "      <th>prev_close</th>\n",
       "      <th>daily_return</th>\n",
       "      <th>abs_daily_return</th>\n",
       "      <th>source</th>\n",
       "    </tr>\n",
       "  </thead>\n",
       "  <tbody>\n",
       "    <tr>\n",
       "      <th>106</th>\n",
       "      <td>168024</td>\n",
       "      <td>0.8965</td>\n",
       "      <td>0.90127</td>\n",
       "      <td>0.889100</td>\n",
       "      <td>0.90271</td>\n",
       "      <td>0.88750</td>\n",
       "      <td>168024</td>\n",
       "      <td>2023-11-14</td>\n",
       "      <td>0.90120</td>\n",
       "      <td>-0.013427</td>\n",
       "      <td>0.013427</td>\n",
       "      <td>historical</td>\n",
       "    </tr>\n",
       "    <tr>\n",
       "      <th>149</th>\n",
       "      <td>174820</td>\n",
       "      <td>0.8495</td>\n",
       "      <td>0.85359</td>\n",
       "      <td>0.842500</td>\n",
       "      <td>0.85487</td>\n",
       "      <td>0.84060</td>\n",
       "      <td>174820</td>\n",
       "      <td>2023-12-27</td>\n",
       "      <td>0.85372</td>\n",
       "      <td>-0.013142</td>\n",
       "      <td>0.013142</td>\n",
       "      <td>historical</td>\n",
       "    </tr>\n",
       "    <tr>\n",
       "      <th>154</th>\n",
       "      <td>148722</td>\n",
       "      <td>0.8473</td>\n",
       "      <td>0.84185</td>\n",
       "      <td>0.850040</td>\n",
       "      <td>0.85067</td>\n",
       "      <td>0.84150</td>\n",
       "      <td>148722</td>\n",
       "      <td>2024-01-02</td>\n",
       "      <td>0.84192</td>\n",
       "      <td>0.009645</td>\n",
       "      <td>0.009645</td>\n",
       "      <td>historical</td>\n",
       "    </tr>\n",
       "    <tr>\n",
       "      <th>181</th>\n",
       "      <td>184263</td>\n",
       "      <td>0.8610</td>\n",
       "      <td>0.85760</td>\n",
       "      <td>0.866698</td>\n",
       "      <td>0.86820</td>\n",
       "      <td>0.85510</td>\n",
       "      <td>184263</td>\n",
       "      <td>2024-02-02</td>\n",
       "      <td>0.85760</td>\n",
       "      <td>0.010609</td>\n",
       "      <td>0.010609</td>\n",
       "      <td>historical</td>\n",
       "    </tr>\n",
       "    <tr>\n",
       "      <th>190</th>\n",
       "      <td>191642</td>\n",
       "      <td>0.8825</td>\n",
       "      <td>0.87580</td>\n",
       "      <td>0.887420</td>\n",
       "      <td>0.88810</td>\n",
       "      <td>0.87520</td>\n",
       "      <td>191642</td>\n",
       "      <td>2024-02-13</td>\n",
       "      <td>0.87581</td>\n",
       "      <td>0.013256</td>\n",
       "      <td>0.013256</td>\n",
       "      <td>historical</td>\n",
       "    </tr>\n",
       "    <tr>\n",
       "      <th>222</th>\n",
       "      <td>187960</td>\n",
       "      <td>0.8932</td>\n",
       "      <td>0.88558</td>\n",
       "      <td>0.897500</td>\n",
       "      <td>0.89937</td>\n",
       "      <td>0.88360</td>\n",
       "      <td>187960</td>\n",
       "      <td>2024-03-21</td>\n",
       "      <td>0.88555</td>\n",
       "      <td>0.013494</td>\n",
       "      <td>0.013494</td>\n",
       "      <td>historical</td>\n",
       "    </tr>\n",
       "    <tr>\n",
       "      <th>239</th>\n",
       "      <td>159390</td>\n",
       "      <td>0.9089</td>\n",
       "      <td>0.90297</td>\n",
       "      <td>0.913140</td>\n",
       "      <td>0.91470</td>\n",
       "      <td>0.90260</td>\n",
       "      <td>159390</td>\n",
       "      <td>2024-04-10</td>\n",
       "      <td>0.90303</td>\n",
       "      <td>0.011196</td>\n",
       "      <td>0.011196</td>\n",
       "      <td>historical</td>\n",
       "    </tr>\n",
       "    <tr>\n",
       "      <th>256</th>\n",
       "      <td>180821</td>\n",
       "      <td>0.9142</td>\n",
       "      <td>0.91075</td>\n",
       "      <td>0.919590</td>\n",
       "      <td>0.91965</td>\n",
       "      <td>0.91020</td>\n",
       "      <td>180821</td>\n",
       "      <td>2024-04-30</td>\n",
       "      <td>0.91072</td>\n",
       "      <td>0.009740</td>\n",
       "      <td>0.009740</td>\n",
       "      <td>historical</td>\n",
       "    </tr>\n",
       "    <tr>\n",
       "      <th>282</th>\n",
       "      <td>172177</td>\n",
       "      <td>0.9074</td>\n",
       "      <td>0.91319</td>\n",
       "      <td>0.903320</td>\n",
       "      <td>0.91408</td>\n",
       "      <td>0.90053</td>\n",
       "      <td>172177</td>\n",
       "      <td>2024-05-30</td>\n",
       "      <td>0.91311</td>\n",
       "      <td>-0.010722</td>\n",
       "      <td>0.010722</td>\n",
       "      <td>historical</td>\n",
       "    </tr>\n",
       "    <tr>\n",
       "      <th>323</th>\n",
       "      <td>160058</td>\n",
       "      <td>0.8871</td>\n",
       "      <td>0.89375</td>\n",
       "      <td>0.881950</td>\n",
       "      <td>0.89411</td>\n",
       "      <td>0.88166</td>\n",
       "      <td>160058</td>\n",
       "      <td>2024-07-17</td>\n",
       "      <td>0.89338</td>\n",
       "      <td>-0.012794</td>\n",
       "      <td>0.012794</td>\n",
       "      <td>historical</td>\n",
       "    </tr>\n",
       "  </tbody>\n",
       "</table>\n",
       "</div>"
      ],
      "text/plain": [
       "          v      vw        o         c        h        l       n       date  \\\n",
       "106  168024  0.8965  0.90127  0.889100  0.90271  0.88750  168024 2023-11-14   \n",
       "149  174820  0.8495  0.85359  0.842500  0.85487  0.84060  174820 2023-12-27   \n",
       "154  148722  0.8473  0.84185  0.850040  0.85067  0.84150  148722 2024-01-02   \n",
       "181  184263  0.8610  0.85760  0.866698  0.86820  0.85510  184263 2024-02-02   \n",
       "190  191642  0.8825  0.87580  0.887420  0.88810  0.87520  191642 2024-02-13   \n",
       "222  187960  0.8932  0.88558  0.897500  0.89937  0.88360  187960 2024-03-21   \n",
       "239  159390  0.9089  0.90297  0.913140  0.91470  0.90260  159390 2024-04-10   \n",
       "256  180821  0.9142  0.91075  0.919590  0.91965  0.91020  180821 2024-04-30   \n",
       "282  172177  0.9074  0.91319  0.903320  0.91408  0.90053  172177 2024-05-30   \n",
       "323  160058  0.8871  0.89375  0.881950  0.89411  0.88166  160058 2024-07-17   \n",
       "\n",
       "     prev_close  daily_return  abs_daily_return      source  \n",
       "106     0.90120     -0.013427          0.013427  historical  \n",
       "149     0.85372     -0.013142          0.013142  historical  \n",
       "154     0.84192      0.009645          0.009645  historical  \n",
       "181     0.85760      0.010609          0.010609  historical  \n",
       "190     0.87581      0.013256          0.013256  historical  \n",
       "222     0.88555      0.013494          0.013494  historical  \n",
       "239     0.90303      0.011196          0.011196  historical  \n",
       "256     0.91072      0.009740          0.009740  historical  \n",
       "282     0.91311     -0.010722          0.010722  historical  \n",
       "323     0.89338     -0.012794          0.012794  historical  "
      ]
     },
     "execution_count": 3,
     "metadata": {},
     "output_type": "execute_result"
    }
   ],
   "source": [
    "sorted_outliers_data = full_outlier_df.sort_values(by=\"date\")\n",
    "sorted_outliers_data"
   ]
  },
  {
   "cell_type": "code",
   "execution_count": 4,
   "metadata": {},
   "outputs": [
    {
     "name": "stdout",
     "output_type": "stream",
     "text": [
      "outlier date: 2023-11-14 00:00:00\n",
      "daily return:         v      vw        o       c        h       l       n       date  \\\n",
      "0  168024  0.8965  0.90127  0.8891  0.90271  0.8875  168024 2023-11-14   \n",
      "1  149889  0.9024  0.90192  0.9012  0.90530  0.9004  149889 2023-11-13   \n",
      "\n",
      "   prev_close  daily_return  abs_daily_return  \n",
      "0         NaN           NaN               NaN  \n",
      "1      0.8891      0.013609          0.013609  \n",
      "outlier date: 2023-12-27 00:00:00\n",
      "daily return:         v      vw        o        c        h       l       n       date  \\\n",
      "0  174820  0.8495  0.85359  0.84250  0.85487  0.8406  174820 2023-12-27   \n",
      "1  112192  0.8555  0.85600  0.85372  0.85796  0.8528  112192 2023-12-26   \n",
      "\n",
      "   prev_close  daily_return  abs_daily_return  \n",
      "0         NaN           NaN               NaN  \n",
      "1      0.8425      0.013318          0.013318  \n",
      "outlier date: 2024-01-02 00:00:00\n",
      "daily return:         v      vw        o        c        h         l       n       date  \\\n",
      "0  148722  0.8473  0.84185  0.85004  0.85067  0.841500  148722 2024-01-02   \n",
      "1   11821  0.8413  0.84080  0.84192  0.84234  0.838307   11821 2024-01-01   \n",
      "\n",
      "   prev_close  daily_return  abs_daily_return  \n",
      "0         NaN           NaN               NaN  \n",
      "1     0.85004     -0.009552          0.009552  \n",
      "daily return:        v      vw         o         c         h         l      n       date  \\\n",
      "0  11821  0.8413  0.840800  0.841920  0.842340  0.838307  11821 2024-01-01   \n",
      "1      1  0.8408  0.840759  0.840759  0.840759  0.840759      1 2023-12-31   \n",
      "\n",
      "   prev_close  daily_return  abs_daily_return  \n",
      "0         NaN           NaN               NaN  \n",
      "1     0.84192     -0.001379          0.001379  \n",
      "daily return:    v      vw         o         c         h         l  n       date  \\\n",
      "0  1  0.8408  0.840759  0.840759  0.840759  0.840759  1 2023-12-31   \n",
      "\n",
      "   prev_close  daily_return  abs_daily_return  \n",
      "0         NaN           NaN               NaN  \n",
      "daily return:         v      vw        o        c        h       l       n       date  \\\n",
      "0  214081  0.8403  0.84346  0.84071  0.84356  0.8354  214081 2023-12-29   \n",
      "\n",
      "   prev_close  daily_return  abs_daily_return  \n",
      "0         NaN           NaN               NaN  \n",
      "daily return:         v      vw        o        c         h       l       n       date  \\\n",
      "0  214081  0.8403  0.84346  0.84071  0.843560  0.8354  214081 2023-12-29   \n",
      "1  196178  0.8392  0.84240  0.84337  0.845145  0.8330  196178 2023-12-28   \n",
      "\n",
      "   prev_close  daily_return  abs_daily_return  \n",
      "0         NaN           NaN               NaN  \n",
      "1     0.84071      0.003164          0.003164  \n",
      "outlier date: 2024-02-02 00:00:00\n",
      "daily return:         v      vw        o         c       h        l       n       date  \\\n",
      "0  184263  0.8610  0.85760  0.866698  0.8682  0.85510  184263 2024-02-02   \n",
      "1   70638  0.8584  0.86235  0.857600  0.8628  0.84793   70638 2024-02-01   \n",
      "\n",
      "   prev_close  daily_return  abs_daily_return  \n",
      "0         NaN           NaN               NaN  \n",
      "1    0.866698     -0.010498          0.010498  \n",
      "daily return:         v      vw        o       c       h        l       n       date  \\\n",
      "0   70638  0.8584  0.86235  0.8576  0.8628  0.84793   70638 2024-02-01   \n",
      "1  222390  0.8614  0.86182  0.8621  0.8644  0.85490  222390 2024-01-31   \n",
      "\n",
      "   prev_close  daily_return  abs_daily_return  \n",
      "0         NaN           NaN               NaN  \n",
      "1      0.8576      0.005247          0.005247  \n",
      "daily return:         v      vw        o        c        h        l       n       date  \\\n",
      "0  222390  0.8614  0.86182  0.86210  0.86440  0.85490  222390 2024-01-31   \n",
      "1  182887  0.8623  0.86133  0.86183  0.86432  0.86041  182887 2024-01-30   \n",
      "\n",
      "   prev_close  daily_return  abs_daily_return  \n",
      "0         NaN           NaN               NaN  \n",
      "1      0.8621     -0.000313          0.000313  \n",
      "daily return:         v      vw        o        c        h        l       n       date  \\\n",
      "0  182887  0.8623  0.86133  0.86183  0.86432  0.86041  182887 2024-01-30   \n",
      "1  175547  0.8629  0.86430  0.86135  0.86493  0.86040  175547 2024-01-29   \n",
      "\n",
      "   prev_close  daily_return  abs_daily_return  \n",
      "0         NaN           NaN               NaN  \n",
      "1     0.86183     -0.000557          0.000557  \n",
      "outlier date: 2024-02-13 00:00:00\n",
      "daily return:         v      vw        o        c       h       l       n       date  \\\n",
      "0  191642  0.8825  0.87580  0.88742  0.8881  0.8752  191642 2024-02-13   \n",
      "1  156749  0.8752  0.87422  0.87581  0.8773  0.8723  156749 2024-02-12   \n",
      "\n",
      "   prev_close  daily_return  abs_daily_return  \n",
      "0         NaN           NaN               NaN  \n",
      "1     0.88742     -0.013083          0.013083  \n",
      "daily return:         v      vw        o        c        h        l       n       date  \\\n",
      "0  156749  0.8752  0.87422  0.87581  0.87730  0.87230  156749 2024-02-12   \n",
      "1    2139  0.8742  0.87375  0.87418  0.87446  0.87375    2139 2024-02-11   \n",
      "\n",
      "   prev_close  daily_return  abs_daily_return  \n",
      "0         NaN           NaN               NaN  \n",
      "1     0.87581     -0.001861          0.001861  \n",
      "daily return:       v      vw        o        c        h        l     n       date  \\\n",
      "0  2139  0.8742  0.87375  0.87418  0.87446  0.87375  2139 2024-02-11   \n",
      "\n",
      "   prev_close  daily_return  abs_daily_return  \n",
      "0         NaN           NaN               NaN  \n",
      "daily return:         v      vw        o       c        h        l       n       date  \\\n",
      "0  164168  0.8748  0.87338  0.8753  0.87623  0.87172  164168 2024-02-09   \n",
      "\n",
      "   prev_close  daily_return  abs_daily_return  \n",
      "0         NaN           NaN               NaN  \n",
      "daily return:         v      vw        o        c        h        l       n       date  \\\n",
      "0  164168  0.8748  0.87338  0.87530  0.87623  0.87172  164168 2024-02-09   \n",
      "1  177034  0.8738  0.87408  0.87344  0.87610  0.86633  177034 2024-02-08   \n",
      "\n",
      "   prev_close  daily_return  abs_daily_return  \n",
      "0         NaN           NaN               NaN  \n",
      "1      0.8753     -0.002125          0.002125  \n",
      "outlier date: 2024-03-21 00:00:00\n",
      "daily return:         v      vw        o        c        h       l       n       date  \\\n",
      "0  187960  0.8932  0.88558  0.89750  0.89937  0.8836  187960 2024-03-21   \n",
      "1  172579  0.8893  0.88848  0.88555  0.89190  0.8851  172579 2024-03-20   \n",
      "\n",
      "   prev_close  daily_return  abs_daily_return  \n",
      "0         NaN           NaN               NaN  \n",
      "1      0.8975     -0.013315          0.013315  \n",
      "daily return:         v      vw        o         c        h       l       n       date  \\\n",
      "0  172579  0.8893  0.88848  0.885550  0.89190  0.8851  172579 2024-03-20   \n",
      "1  170157  0.8882  0.88751  0.888524  0.88983  0.8864  170157 2024-03-19   \n",
      "\n",
      "   prev_close  daily_return  abs_daily_return  \n",
      "0         NaN           NaN               NaN  \n",
      "1     0.88555      0.003358          0.003358  \n",
      "daily return:         v      vw        o         c        h       l       n       date  \\\n",
      "0  170157  0.8882  0.88751  0.888524  0.88983  0.8864  170157 2024-03-19   \n",
      "1  142175  0.8849  0.88352  0.887490  0.88850  0.8819  142175 2024-03-18   \n",
      "\n",
      "   prev_close  daily_return  abs_daily_return  \n",
      "0         NaN           NaN               NaN  \n",
      "1    0.888524     -0.001163          0.001163  \n",
      "daily return:         v      vw        o        c        h        l       n       date  \\\n",
      "0  142175  0.8849  0.88352  0.88749  0.88850  0.88190  142175 2024-03-18   \n",
      "1    5333  0.8835  0.88308  0.88355  0.88361  0.88304    5333 2024-03-17   \n",
      "\n",
      "   prev_close  daily_return  abs_daily_return  \n",
      "0         NaN           NaN               NaN  \n",
      "1     0.88749     -0.004439          0.004439  \n",
      "outlier date: 2024-04-10 00:00:00\n",
      "daily return:         v      vw        o        c       h       l       n       date  \\\n",
      "0  159390  0.9089  0.90297  0.91314  0.9147  0.9026  159390 2024-04-10   \n",
      "1  151041  0.9036  0.90502  0.90303  0.9056  0.9011  151041 2024-04-09   \n",
      "\n",
      "   prev_close  daily_return  abs_daily_return  \n",
      "0         NaN           NaN               NaN  \n",
      "1     0.91314     -0.011072          0.011072  \n",
      "daily return:         v      vw        o        c        h       l       n       date  \\\n",
      "0  151041  0.9036  0.90502  0.90303  0.90560  0.9011  151041 2024-04-09   \n",
      "1  153032  0.9048  0.90316  0.90490  0.90653  0.9021  153032 2024-04-08   \n",
      "\n",
      "   prev_close  daily_return  abs_daily_return  \n",
      "0         NaN           NaN               NaN  \n",
      "1     0.90303      0.002071          0.002071  \n",
      "daily return:         v      vw        o        c        h        l       n       date  \\\n",
      "0  153032  0.9048  0.90316  0.90490  0.90653  0.90210  153032 2024-04-08   \n",
      "1    2927  0.9032  0.90184  0.90317  0.90393  0.90173    2927 2024-04-07   \n",
      "\n",
      "   prev_close  daily_return  abs_daily_return  \n",
      "0         NaN           NaN               NaN  \n",
      "1      0.9049     -0.001912          0.001912  \n",
      "daily return:       v      vw        o        c        h        l     n       date  \\\n",
      "0  2927  0.9032  0.90184  0.90317  0.90393  0.90173  2927 2024-04-07   \n",
      "\n",
      "   prev_close  daily_return  abs_daily_return  \n",
      "0         NaN           NaN               NaN  \n",
      "daily return:         v      vw        o       c        h       l       n       date  \\\n",
      "0  158641  0.9027  0.90151  0.9015  0.90705  0.8995  158641 2024-04-05   \n",
      "\n",
      "   prev_close  daily_return  abs_daily_return  \n",
      "0         NaN           NaN               NaN  \n",
      "daily return:         v      vw        o       c        h        l       n       date  \\\n",
      "0  158641  0.9027  0.90151  0.9015  0.90705  0.89950  158641 2024-04-05   \n",
      "1  163313  0.9044  0.90289  0.9015  0.90748  0.89923  163313 2024-04-04   \n",
      "\n",
      "   prev_close  daily_return  abs_daily_return  \n",
      "0         NaN           NaN               NaN  \n",
      "1      0.9015           0.0               0.0  \n",
      "daily return:         v      vw        o       c        h        l       n       date  \\\n",
      "0  163313  0.9044  0.90289  0.9015  0.90748  0.89923  163313 2024-04-04   \n",
      "1  154974  0.9068  0.90774  0.9029  0.90953  0.90230  154974 2024-04-03   \n",
      "\n",
      "   prev_close  daily_return  abs_daily_return  \n",
      "0         NaN           NaN               NaN  \n",
      "1      0.9015      0.001553          0.001553  \n",
      "outlier date: 2024-04-30 00:00:00\n",
      "daily return:         v      vw        o        c        h       l       n       date  \\\n",
      "0  180821  0.9142  0.91075  0.91959  0.91965  0.9102  180821 2024-04-30   \n",
      "1  207816  0.9114  0.91368  0.91072  0.91531  0.9085  207816 2024-04-29   \n",
      "\n",
      "   prev_close  daily_return  abs_daily_return  \n",
      "0         NaN           NaN               NaN  \n",
      "1     0.91959     -0.009646          0.009646  \n",
      "daily return:         v      vw         o        c        h         l       n       date  \\\n",
      "0  207816  0.9114  0.913680  0.91072  0.91531  0.908500  207816 2024-04-29   \n",
      "1    1657  0.9137  0.912365  0.91350  0.91394  0.912365    1657 2024-04-28   \n",
      "\n",
      "   prev_close  daily_return  abs_daily_return  \n",
      "0         NaN           NaN               NaN  \n",
      "1     0.91072      0.003053          0.003053  \n",
      "daily return:       v      vw         o       c        h         l     n       date  \\\n",
      "0  1657  0.9137  0.912365  0.9135  0.91394  0.912365  1657 2024-04-28   \n",
      "\n",
      "   prev_close  daily_return  abs_daily_return  \n",
      "0         NaN           NaN               NaN  \n",
      "daily return:         v      vw       o       c        h        l       n       date  \\\n",
      "0  168330  0.9128  0.9127  0.9147  0.91502  0.90923  168330 2024-04-26   \n",
      "\n",
      "   prev_close  daily_return  abs_daily_return  \n",
      "0         NaN           NaN               NaN  \n",
      "daily return:         v      vw        o        c        h        l       n       date  \\\n",
      "0  168330  0.9128  0.91270  0.91470  0.91502  0.90923  168330 2024-04-26   \n",
      "1  159402  0.9135  0.91445  0.91269  0.91566  0.90561  159402 2024-04-25   \n",
      "\n",
      "   prev_close  daily_return  abs_daily_return  \n",
      "0         NaN           NaN               NaN  \n",
      "1      0.9147     -0.002197          0.002197  \n",
      "daily return:         v      vw        o        c        h        l       n       date  \\\n",
      "0  159402  0.9135  0.91445  0.91269  0.91566  0.90561  159402 2024-04-25   \n",
      "1  131993  0.9134  0.91174  0.91444  0.91550  0.91110  131993 2024-04-24   \n",
      "\n",
      "   prev_close  daily_return  abs_daily_return  \n",
      "0         NaN           NaN               NaN  \n",
      "1     0.91269      0.001917          0.001917  \n",
      "daily return:         v      vw        o        c       h       l       n       date  \\\n",
      "0  131993  0.9134  0.91174  0.91444  0.9155  0.9111  131993 2024-04-24   \n",
      "1  158919  0.9114  0.91188  0.91173  0.9131  0.9084  158919 2024-04-23   \n",
      "\n",
      "   prev_close  daily_return  abs_daily_return  \n",
      "0         NaN           NaN               NaN  \n",
      "1     0.91444     -0.002964          0.002964  \n",
      "outlier date: 2024-05-30 00:00:00\n",
      "daily return:         v      vw        o        c        h        l       n       date  \\\n",
      "0  172177  0.9074  0.91319  0.90332  0.91408  0.90053  172177 2024-05-30   \n",
      "1  155334  0.9127  0.91227  0.91311  0.91436  0.91080  155334 2024-05-29   \n",
      "\n",
      "   prev_close  daily_return  abs_daily_return  \n",
      "0         NaN           NaN               NaN  \n",
      "1     0.90332      0.010838          0.010838  \n",
      "outlier date: 2024-07-17 00:00:00\n",
      "daily return:         v      vw        o        c        h        l       n       date  \\\n",
      "0  160058  0.8871  0.89375  0.88195  0.89411  0.88166  160058 2024-07-17   \n",
      "1  145306  0.8953  0.89548  0.89338  0.89787  0.89297  145306 2024-07-16   \n",
      "\n",
      "   prev_close  daily_return  abs_daily_return  \n",
      "0         NaN           NaN               NaN  \n",
      "1     0.88195       0.01296           0.01296  \n"
     ]
    }
   ],
   "source": [
    "def fetch_data(url):\n",
    "    response = requests.get(url)\n",
    "    if response.status_code != 200:\n",
    "        print(\"Error fetching data:\", response.status_code, response.text)\n",
    "        return None\n",
    "    data = response.json()\n",
    "    if 'results' not in data:\n",
    "        print(\"No 'results' key in response:\", data)\n",
    "        return None\n",
    "    return data\n",
    "\n",
    "def calculate_daily_returns_threshold(df, prev_close=None):\n",
    "    if prev_close is not None:\n",
    "        df.loc[df.index[0], 'prev_close'] = prev_close\n",
    "    else:\n",
    "        df['prev_close'] = df['c'].shift(1)\n",
    "    df['daily_return'] = (df['c'] - df['prev_close']) / df['prev_close']\n",
    "    # print(df['daily_return'])\n",
    "    df['abs_daily_return'] = df['daily_return'].abs()\n",
    "    return df\n",
    "\n",
    "def convert_timestamps(df):\n",
    "    df['date'] = pd.to_datetime(df['t'], unit='ms')\n",
    "    df.drop(columns=['t'], inplace=True)\n",
    "    return df\n",
    "\n",
    "\n",
    "def fetch_daily_return_prior(symbol, current_date, previous_date, api_key):\n",
    "    url = f'https://api.polygon.io/v2/aggs/ticker/{symbol}/range/1/day/{previous_date}/{current_date}?adjusted=true&sort=asc&apiKey={api_key}'\n",
    "    data = fetch_data(url)\n",
    "    if data and 'results' in data and len(data['results']) > 0:\n",
    "        df = pd.DataFrame(data['results'])\n",
    "        # print(df)\n",
    "        df = convert_timestamps(df)\n",
    "        # print(f\"converted: {df}\")\n",
    "        df = df.loc[::-1].reset_index(drop=True)\n",
    "        df = calculate_daily_returns_threshold(df)\n",
    "        print(f\"daily return: {df}\")\n",
    "        # print(f\"daily_return {df['abs_daily_return']}\")\n",
    "        if len(df['abs_daily_return']) == 2:\n",
    "            return df['abs_daily_return'].iloc[1]\n",
    "    return None\n",
    "    \n",
    "\n",
