{
 "cells": [
  {
   "cell_type": "markdown",
   "metadata": {},
   "source": [
    "## Importing Necessary Libraries"
   ]
  },
  {
   "cell_type": "code",
   "execution_count": 1,
   "metadata": {},
   "outputs": [],
   "source": [
    "from pandas.tseries.offsets import BDay\n",
    "import requests\n",
    "from datetime import timedelta\n",
    "from scipy.stats import pearsonr\n",
    "import matplotlib.pyplot as plt\n",
    "import numpy as np\n",
    "import pandas as pd\n",
    "from sklearn.preprocessing import MinMaxScaler\n",
    "from sklearn.metrics import mean_squared_error, mean_absolute_error, r2_score\n",
    "from tensorflow.keras.models import Sequential\n",
    "from tensorflow.keras.layers import LSTM, Dense, Reshape\n",
    "from tensorflow.keras.optimizers import Adam\n",
    "import matplotlib.pyplot as plt\n",
    "from tensorflow.keras.models import Model\n",
    "from tensorflow.keras.layers import Input, Dense\n"
   ]
  },
  {
   "cell_type": "markdown",
   "metadata": {},
   "source": [
    "## Identifying Outliers in last 12 months"
   ]
  },
  {
   "cell_type": "code",
   "execution_count": 2,
   "metadata": {},
   "outputs": [
    {
     "data": {
      "text/html": [
       "<div>\n",
       "<style scoped>\n",
       "    .dataframe tbody tr th:only-of-type {\n",
       "        vertical-align: middle;\n",
       "    }\n",
       "\n",
       "    .dataframe tbody tr th {\n",
       "        vertical-align: top;\n",
       "    }\n",
       "\n",
       "    .dataframe thead th {\n",
       "        text-align: right;\n",
       "    }\n",
       "</style>\n",
       "<table border=\"1\" class=\"dataframe\">\n",
       "  <thead>\n",
       "    <tr style=\"text-align: right;\">\n",
       "      <th></th>\n",
       "      <th>v</th>\n",
       "      <th>vw</th>\n",
       "      <th>o</th>\n",
       "      <th>c</th>\n",
       "      <th>h</th>\n",
       "      <th>l</th>\n",
       "      <th>n</th>\n",
       "      <th>date</th>\n",
       "      <th>prev_close</th>\n",
       "      <th>daily_return</th>\n",
       "      <th>abs_daily_return</th>\n",
       "      <th>source</th>\n",
       "    </tr>\n",
       "  </thead>\n",
       "  <tbody>\n",
       "    <tr>\n",
       "      <th>235</th>\n",
       "      <td>187960</td>\n",
       "      <td>0.8932</td>\n",
       "      <td>0.88558</td>\n",
       "      <td>0.897500</td>\n",
       "      <td>0.89937</td>\n",
       "      <td>0.88360</td>\n",
       "      <td>187960</td>\n",
       "      <td>2024-03-21</td>\n",
       "      <td>0.88555</td>\n",
       "      <td>0.013494</td>\n",
       "      <td>0.013494</td>\n",
       "      <td>historical</td>\n",
       "    </tr>\n",
       "    <tr>\n",
       "      <th>119</th>\n",
       "      <td>168024</td>\n",
       "      <td>0.8965</td>\n",
       "      <td>0.90127</td>\n",
       "      <td>0.889100</td>\n",
       "      <td>0.90271</td>\n",
       "      <td>0.88750</td>\n",
       "      <td>168024</td>\n",
       "      <td>2023-11-14</td>\n",
       "      <td>0.90120</td>\n",
       "      <td>-0.013427</td>\n",
       "      <td>0.013427</td>\n",
       "      <td>historical</td>\n",
       "    </tr>\n",
       "    <tr>\n",
       "      <th>203</th>\n",
       "      <td>191642</td>\n",
       "      <td>0.8825</td>\n",
       "      <td>0.87580</td>\n",
       "      <td>0.887420</td>\n",
       "      <td>0.88810</td>\n",
       "      <td>0.87520</td>\n",
       "      <td>191642</td>\n",
       "      <td>2024-02-13</td>\n",
       "      <td>0.87581</td>\n",
       "      <td>0.013256</td>\n",
       "      <td>0.013256</td>\n",
       "      <td>historical</td>\n",
       "    </tr>\n",
       "    <tr>\n",
       "      <th>162</th>\n",
       "      <td>174820</td>\n",
       "      <td>0.8495</td>\n",
       "      <td>0.85359</td>\n",
       "      <td>0.842500</td>\n",
       "      <td>0.85487</td>\n",
       "      <td>0.84060</td>\n",
       "      <td>174820</td>\n",
       "      <td>2023-12-27</td>\n",
       "      <td>0.85372</td>\n",
       "      <td>-0.013142</td>\n",
       "      <td>0.013142</td>\n",
       "      <td>historical</td>\n",
       "    </tr>\n",
       "    <tr>\n",
       "      <th>252</th>\n",
       "      <td>159390</td>\n",
       "      <td>0.9089</td>\n",
       "      <td>0.90297</td>\n",
       "      <td>0.913140</td>\n",
       "      <td>0.91470</td>\n",
       "      <td>0.90260</td>\n",
       "      <td>159390</td>\n",
       "      <td>2024-04-10</td>\n",
       "      <td>0.90303</td>\n",
       "      <td>0.011196</td>\n",
       "      <td>0.011196</td>\n",
       "      <td>historical</td>\n",
       "    </tr>\n",
       "    <tr>\n",
       "      <th>295</th>\n",
       "      <td>172177</td>\n",
       "      <td>0.9074</td>\n",
       "      <td>0.91319</td>\n",
       "      <td>0.903320</td>\n",
       "      <td>0.91408</td>\n",
       "      <td>0.90053</td>\n",
       "      <td>172177</td>\n",
       "      <td>2024-05-30</td>\n",
       "      <td>0.91311</td>\n",
       "      <td>-0.010722</td>\n",
       "      <td>0.010722</td>\n",
       "      <td>historical</td>\n",
       "    </tr>\n",
       "    <tr>\n",
       "      <th>194</th>\n",
       "      <td>184263</td>\n",
       "      <td>0.8610</td>\n",
       "      <td>0.85760</td>\n",
       "      <td>0.866698</td>\n",
       "      <td>0.86820</td>\n",
       "      <td>0.85510</td>\n",
       "      <td>184263</td>\n",
       "      <td>2024-02-02</td>\n",
       "      <td>0.85760</td>\n",
       "      <td>0.010609</td>\n",
       "      <td>0.010609</td>\n",
       "      <td>historical</td>\n",
       "    </tr>\n",
       "    <tr>\n",
       "      <th>4</th>\n",
       "      <td>181573</td>\n",
       "      <td>0.8609</td>\n",
       "      <td>0.85794</td>\n",
       "      <td>0.866230</td>\n",
       "      <td>0.86839</td>\n",
       "      <td>0.85580</td>\n",
       "      <td>181573</td>\n",
       "      <td>2023-07-20</td>\n",
       "      <td>0.85770</td>\n",
       "      <td>0.009945</td>\n",
       "      <td>0.009945</td>\n",
       "      <td>historical</td>\n",
       "    </tr>\n",
       "    <tr>\n",
       "      <th>269</th>\n",
       "      <td>180821</td>\n",
       "      <td>0.9142</td>\n",
       "      <td>0.91075</td>\n",
       "      <td>0.919590</td>\n",
       "      <td>0.91965</td>\n",
       "      <td>0.91020</td>\n",
       "      <td>180821</td>\n",
       "      <td>2024-04-30</td>\n",
       "      <td>0.91072</td>\n",
       "      <td>0.009740</td>\n",
       "      <td>0.009740</td>\n",
       "      <td>historical</td>\n",
       "    </tr>\n",
       "    <tr>\n",
       "      <th>167</th>\n",
       "      <td>148722</td>\n",
       "      <td>0.8473</td>\n",
       "      <td>0.84185</td>\n",
       "      <td>0.850040</td>\n",
       "      <td>0.85067</td>\n",
       "      <td>0.84150</td>\n",
       "      <td>148722</td>\n",
       "      <td>2024-01-02</td>\n",
       "      <td>0.84192</td>\n",
       "      <td>0.009645</td>\n",
       "      <td>0.009645</td>\n",
       "      <td>historical</td>\n",
       "    </tr>\n",
       "  </tbody>\n",
       "</table>\n",
       "</div>"
      ],
      "text/plain": [
       "          v      vw        o         c        h        l       n       date  \\\n",
       "235  187960  0.8932  0.88558  0.897500  0.89937  0.88360  187960 2024-03-21   \n",
       "119  168024  0.8965  0.90127  0.889100  0.90271  0.88750  168024 2023-11-14   \n",
       "203  191642  0.8825  0.87580  0.887420  0.88810  0.87520  191642 2024-02-13   \n",
       "162  174820  0.8495  0.85359  0.842500  0.85487  0.84060  174820 2023-12-27   \n",
       "252  159390  0.9089  0.90297  0.913140  0.91470  0.90260  159390 2024-04-10   \n",
       "295  172177  0.9074  0.91319  0.903320  0.91408  0.90053  172177 2024-05-30   \n",
       "194  184263  0.8610  0.85760  0.866698  0.86820  0.85510  184263 2024-02-02   \n",
       "4    181573  0.8609  0.85794  0.866230  0.86839  0.85580  181573 2023-07-20   \n",
       "269  180821  0.9142  0.91075  0.919590  0.91965  0.91020  180821 2024-04-30   \n",
       "167  148722  0.8473  0.84185  0.850040  0.85067  0.84150  148722 2024-01-02   \n",
       "\n",
       "     prev_close  daily_return  abs_daily_return      source  \n",
       "235     0.88555      0.013494          0.013494  historical  \n",
       "119     0.90120     -0.013427          0.013427  historical  \n",
       "203     0.87581      0.013256          0.013256  historical  \n",
       "162     0.85372     -0.013142          0.013142  historical  \n",
       "252     0.90303      0.011196          0.011196  historical  \n",
       "295     0.91311     -0.010722          0.010722  historical  \n",
       "194     0.85760      0.010609          0.010609  historical  \n",
       "4       0.85770      0.009945          0.009945  historical  \n",
       "269     0.91072      0.009740          0.009740  historical  \n",
       "167     0.84192      0.009645          0.009645  historical  "
      ]
     },
     "execution_count": 2,
     "metadata": {},
     "output_type": "execute_result"
    }
   ],
   "source": [
    "def fetch_data(url):\n",
    "    response = requests.get(url)\n",
    "    if response.status_code != 200:\n",
    "        print(\"Error fetching data:\", response.status_code, response.text)\n",
    "        return None\n",
    "    data = response.json()\n",
    "    if 'results' not in data:\n",
    "        print(\"No 'results' key in response:\", data)\n",
    "        return None\n",
    "    return data\n",
    "\n",
    "def calculate_daily_returns(df, prev_close=None):\n",
    "    if prev_close is not None:\n",
    "        df.loc[df.index[0], 'prev_close'] = prev_close\n",
    "    else:\n",
    "        df['prev_close'] = df['c'].shift(1)\n",
    "    df['daily_return'] = (df['c'] - df['prev_close']) / df['prev_close']\n",
    "    df['abs_daily_return'] = df['daily_return'].abs()\n",
    "    return df\n",
    "\n",
    "def get_top_outliers(df, n=10):\n",
    "    return df.nlargest(n, 'abs_daily_return')\n",
    "\n",
    "def update_outliers_list(current_df, historical_outliers_df, real_time_outliers_df, n=10):\n",
    "    if 'source' not in current_df.columns:\n",
    "        current_df['source'] = 'real-time'\n",
    "    combined_df = pd.concat([historical_outliers_df, current_df])\n",
    "    updated_outliers_df = combined_df.nlargest(n, 'abs_daily_return')\n",
    "    updated_historical_outliers_df = updated_outliers_df[updated_outliers_df['source'] == 'historical']\n",
    "    updated_real_time_outliers_df = updated_outliers_df[updated_outliers_df['source'] == 'real-time']\n",
    "    return updated_historical_outliers_df, updated_real_time_outliers_df\n",
    "\n",
    "def convert_timestamps(df):\n",
    "    df['date'] = pd.to_datetime(df['t'], unit='ms')\n",
    "    df.drop(columns=['t'], inplace=True)\n",
    "    return df\n",
    "\n",
    "# API key and endpoints\n",
    "api_key = 'beBybSi8daPgsTp5yx5cHtHpYcrjp5Jq'\n",
    "today = pd.Timestamp.now().date()\n",
    "start_date = today - pd.DateOffset(years=1)\n",
    "start_date_formatted = start_date.strftime('%Y-%m-%d')\n",
    "end_date = today - pd.DateOffset(days=1)\n",
    "end_date_formatted = end_date.strftime('%Y-%m-%d')\n",
    "symbol = 'C:USDCHF'\n",
    "historical_url = f'https://api.polygon.io/v2/aggs/ticker/{symbol}/range/1/day/{start_date_formatted}/{end_date_formatted}?adjusted=true&sort=asc&apiKey={api_key}'\n",
    "real_time_url = f'https://api.polygon.io/v2/aggs/ticker/{symbol}/range/1/day/{today}/{today}?adjusted=true&sort=asc&apiKey={api_key}'\n",
    "\n",
    "# Fetch and process historical data\n",
    "historical_data = fetch_data(historical_url)\n",
    "if historical_data:\n",
    "    historical_df = pd.DataFrame(historical_data['results'])\n",
    "    historical_df = convert_timestamps(historical_df)\n",
    "    historical_df = calculate_daily_returns(historical_df)\n",
    "    historical_df['source'] = 'historical'\n",
    "    historical_outliers_df = get_top_outliers(historical_df)\n",
    "else:\n",
    "    print(\"Failed to fetch or process historical data.\")\n",
    "\n",
    "# Fetch and process real-time data\n",
    "real_time_data = fetch_data(real_time_url)\n",
    "if real_time_data and 'results' in real_time_data:\n",
    "    real_time_df = pd.DataFrame(real_time_data['results'])\n",
    "    real_time_df = convert_timestamps(real_time_df)\n",
    "    # Use the last close from historical data\n",
    "    last_close = historical_df['c'].iloc[-1] if not historical_df.empty else None\n",
    "    real_time_df = calculate_daily_returns(real_time_df, prev_close=last_close)\n",
    "    real_time_df['source'] = 'real-time'\n",
    "    updated_historical_outliers_df, updated_real_time_outliers_df = update_outliers_list(real_time_df, historical_outliers_df, pd.DataFrame())\n",
    "    # Update historical data\n",
    "    historical_df = pd.concat([historical_df.iloc[1:], real_time_df])  # Keep historical data rolling\n",
    "else:\n",
    "    print(\"No new data available or failed to fetch real-time data.\")\n",
    "    \n",
    "# Combine data for Top 10 Outliers\n",
    "full_outlier_df = pd.concat([updated_historical_outliers_df, updated_real_time_outliers_df])\n",
    "\n",
    "# Print the Outliers\n",
    "full_outlier_df"
   ]
  },
  {
   "cell_type": "code",
   "execution_count": 3,
   "metadata": {},
   "outputs": [
    {
     "data": {
      "text/html": [
       "<div>\n",
       "<style scoped>\n",
       "    .dataframe tbody tr th:only-of-type {\n",
       "        vertical-align: middle;\n",
       "    }\n",
       "\n",
       "    .dataframe tbody tr th {\n",
       "        vertical-align: top;\n",
       "    }\n",
       "\n",
       "    .dataframe thead th {\n",
       "        text-align: right;\n",
       "    }\n",
       "</style>\n",
       "<table border=\"1\" class=\"dataframe\">\n",
       "  <thead>\n",
       "    <tr style=\"text-align: right;\">\n",
       "      <th></th>\n",
       "      <th>v</th>\n",
       "      <th>vw</th>\n",
       "      <th>o</th>\n",
       "      <th>c</th>\n",
       "      <th>h</th>\n",
       "      <th>l</th>\n",
       "      <th>n</th>\n",
       "      <th>date</th>\n",
       "      <th>prev_close</th>\n",
       "      <th>daily_return</th>\n",
       "      <th>abs_daily_return</th>\n",
       "      <th>source</th>\n",
       "    </tr>\n",
       "  </thead>\n",
       "  <tbody>\n",
       "    <tr>\n",
       "      <th>4</th>\n",
       "      <td>181573</td>\n",
       "      <td>0.8609</td>\n",
       "      <td>0.85794</td>\n",
       "      <td>0.866230</td>\n",
       "      <td>0.86839</td>\n",
       "      <td>0.85580</td>\n",
       "      <td>181573</td>\n",
       "      <td>2023-07-20</td>\n",
       "      <td>0.85770</td>\n",
       "      <td>0.009945</td>\n",
       "      <td>0.009945</td>\n",
       "      <td>historical</td>\n",
       "    </tr>\n",
       "    <tr>\n",
       "      <th>119</th>\n",
       "      <td>168024</td>\n",
       "      <td>0.8965</td>\n",
       "      <td>0.90127</td>\n",
       "      <td>0.889100</td>\n",
       "      <td>0.90271</td>\n",
       "      <td>0.88750</td>\n",
       "      <td>168024</td>\n",
       "      <td>2023-11-14</td>\n",
       "      <td>0.90120</td>\n",
       "      <td>-0.013427</td>\n",
       "      <td>0.013427</td>\n",
       "      <td>historical</td>\n",
       "    </tr>\n",
       "    <tr>\n",
       "      <th>162</th>\n",
       "      <td>174820</td>\n",
       "      <td>0.8495</td>\n",
       "      <td>0.85359</td>\n",
       "      <td>0.842500</td>\n",
       "      <td>0.85487</td>\n",
       "      <td>0.84060</td>\n",
       "      <td>174820</td>\n",
       "      <td>2023-12-27</td>\n",
       "      <td>0.85372</td>\n",
       "      <td>-0.013142</td>\n",
       "      <td>0.013142</td>\n",
       "      <td>historical</td>\n",
       "    </tr>\n",
       "    <tr>\n",
       "      <th>167</th>\n",
       "      <td>148722</td>\n",
       "      <td>0.8473</td>\n",
       "      <td>0.84185</td>\n",
       "      <td>0.850040</td>\n",
       "      <td>0.85067</td>\n",
       "      <td>0.84150</td>\n",
       "      <td>148722</td>\n",
       "      <td>2024-01-02</td>\n",
       "      <td>0.84192</td>\n",
       "      <td>0.009645</td>\n",
       "      <td>0.009645</td>\n",
       "      <td>historical</td>\n",
       "    </tr>\n",
       "    <tr>\n",
       "      <th>194</th>\n",
       "      <td>184263</td>\n",
       "      <td>0.8610</td>\n",
       "      <td>0.85760</td>\n",
       "      <td>0.866698</td>\n",
       "      <td>0.86820</td>\n",
       "      <td>0.85510</td>\n",
       "      <td>184263</td>\n",
       "      <td>2024-02-02</td>\n",
       "      <td>0.85760</td>\n",
       "      <td>0.010609</td>\n",
       "      <td>0.010609</td>\n",
       "      <td>historical</td>\n",
       "    </tr>\n",
       "    <tr>\n",
       "      <th>203</th>\n",
       "      <td>191642</td>\n",
       "      <td>0.8825</td>\n",
       "      <td>0.87580</td>\n",
       "      <td>0.887420</td>\n",
       "      <td>0.88810</td>\n",
       "      <td>0.87520</td>\n",
       "      <td>191642</td>\n",
       "      <td>2024-02-13</td>\n",
       "      <td>0.87581</td>\n",
       "      <td>0.013256</td>\n",
       "      <td>0.013256</td>\n",
       "      <td>historical</td>\n",
       "    </tr>\n",
       "    <tr>\n",
       "      <th>235</th>\n",
       "      <td>187960</td>\n",
       "      <td>0.8932</td>\n",
       "      <td>0.88558</td>\n",
       "      <td>0.897500</td>\n",
       "      <td>0.89937</td>\n",
       "      <td>0.88360</td>\n",
       "      <td>187960</td>\n",
       "      <td>2024-03-21</td>\n",
       "      <td>0.88555</td>\n",
       "      <td>0.013494</td>\n",
       "      <td>0.013494</td>\n",
       "      <td>historical</td>\n",
       "    </tr>\n",
       "    <tr>\n",
       "      <th>252</th>\n",
       "      <td>159390</td>\n",
       "      <td>0.9089</td>\n",
       "      <td>0.90297</td>\n",
       "      <td>0.913140</td>\n",
       "      <td>0.91470</td>\n",
       "      <td>0.90260</td>\n",
       "      <td>159390</td>\n",
       "      <td>2024-04-10</td>\n",
       "      <td>0.90303</td>\n",
       "      <td>0.011196</td>\n",
       "      <td>0.011196</td>\n",
       "      <td>historical</td>\n",
       "    </tr>\n",
       "    <tr>\n",
       "      <th>269</th>\n",
       "      <td>180821</td>\n",
       "      <td>0.9142</td>\n",
       "      <td>0.91075</td>\n",
       "      <td>0.919590</td>\n",
       "      <td>0.91965</td>\n",
       "      <td>0.91020</td>\n",
       "      <td>180821</td>\n",
       "      <td>2024-04-30</td>\n",
       "      <td>0.91072</td>\n",
       "      <td>0.009740</td>\n",
       "      <td>0.009740</td>\n",
       "      <td>historical</td>\n",
       "    </tr>\n",
       "    <tr>\n",
       "      <th>295</th>\n",
       "      <td>172177</td>\n",
       "      <td>0.9074</td>\n",
       "      <td>0.91319</td>\n",
       "      <td>0.903320</td>\n",
       "      <td>0.91408</td>\n",
       "      <td>0.90053</td>\n",
       "      <td>172177</td>\n",
       "      <td>2024-05-30</td>\n",
       "      <td>0.91311</td>\n",
       "      <td>-0.010722</td>\n",
       "      <td>0.010722</td>\n",
       "      <td>historical</td>\n",
       "    </tr>\n",
       "  </tbody>\n",
       "</table>\n",
       "</div>"
      ],
      "text/plain": [
       "          v      vw        o         c        h        l       n       date  \\\n",
       "4    181573  0.8609  0.85794  0.866230  0.86839  0.85580  181573 2023-07-20   \n",
       "119  168024  0.8965  0.90127  0.889100  0.90271  0.88750  168024 2023-11-14   \n",
       "162  174820  0.8495  0.85359  0.842500  0.85487  0.84060  174820 2023-12-27   \n",
       "167  148722  0.8473  0.84185  0.850040  0.85067  0.84150  148722 2024-01-02   \n",
       "194  184263  0.8610  0.85760  0.866698  0.86820  0.85510  184263 2024-02-02   \n",
       "203  191642  0.8825  0.87580  0.887420  0.88810  0.87520  191642 2024-02-13   \n",
       "235  187960  0.8932  0.88558  0.897500  0.89937  0.88360  187960 2024-03-21   \n",
       "252  159390  0.9089  0.90297  0.913140  0.91470  0.90260  159390 2024-04-10   \n",
       "269  180821  0.9142  0.91075  0.919590  0.91965  0.91020  180821 2024-04-30   \n",
       "295  172177  0.9074  0.91319  0.903320  0.91408  0.90053  172177 2024-05-30   \n",
       "\n",
       "     prev_close  daily_return  abs_daily_return      source  \n",
       "4       0.85770      0.009945          0.009945  historical  \n",
       "119     0.90120     -0.013427          0.013427  historical  \n",
       "162     0.85372     -0.013142          0.013142  historical  \n",
       "167     0.84192      0.009645          0.009645  historical  \n",
       "194     0.85760      0.010609          0.010609  historical  \n",
       "203     0.87581      0.013256          0.013256  historical  \n",
       "235     0.88555      0.013494          0.013494  historical  \n",
       "252     0.90303      0.011196          0.011196  historical  \n",
       "269     0.91072      0.009740          0.009740  historical  \n",
       "295     0.91311     -0.010722          0.010722  historical  "
      ]
     },
     "execution_count": 3,
     "metadata": {},
     "output_type": "execute_result"
    }
   ],
   "source": [
    "sorted_outliers_data = full_outlier_df.sort_values(by=\"date\")\n",
    "sorted_outliers_data"
   ]
  },
  {
   "cell_type": "markdown",
   "metadata": {},
   "source": [
    "## Fetching Hourly data for 3 days prior and post outlier days"
   ]
  },
  {
   "cell_type": "code",
   "execution_count": 4,
   "metadata": {},
   "outputs": [
    {
     "data": {
      "text/html": [
       "<div>\n",
       "<style scoped>\n",
       "    .dataframe tbody tr th:only-of-type {\n",
       "        vertical-align: middle;\n",
       "    }\n",
       "\n",
       "    .dataframe tbody tr th {\n",
       "        vertical-align: top;\n",
       "    }\n",
       "\n",
       "    .dataframe thead th {\n",
       "        text-align: right;\n",
       "    }\n",
       "</style>\n",
       "<table border=\"1\" class=\"dataframe\">\n",
       "  <thead>\n",
       "    <tr style=\"text-align: right;\">\n",
       "      <th></th>\n",
       "      <th>start_date</th>\n",
       "      <th>end_date</th>\n",
       "      <th>outlier_date</th>\n",
       "    </tr>\n",
       "  </thead>\n",
       "  <tbody>\n",
       "    <tr>\n",
       "      <th>4</th>\n",
       "      <td>2023-07-17</td>\n",
       "      <td>2023-07-25</td>\n",
       "      <td>2023-07-20</td>\n",
       "    </tr>\n",
       "    <tr>\n",
       "      <th>119</th>\n",
       "      <td>2023-11-09</td>\n",
       "      <td>2023-11-17</td>\n",
       "      <td>2023-11-14</td>\n",
       "    </tr>\n",
       "    <tr>\n",
       "      <th>162</th>\n",
       "      <td>2023-12-22</td>\n",
       "      <td>2024-01-01</td>\n",
       "      <td>2023-12-27</td>\n",
       "    </tr>\n",
       "    <tr>\n",
       "      <th>167</th>\n",
       "      <td>2023-12-28</td>\n",
       "      <td>2024-01-05</td>\n",
       "      <td>2024-01-02</td>\n",
       "    </tr>\n",
       "    <tr>\n",
       "      <th>194</th>\n",
       "      <td>2024-01-30</td>\n",
       "      <td>2024-02-07</td>\n",
       "      <td>2024-02-02</td>\n",
       "    </tr>\n",
       "    <tr>\n",
       "      <th>203</th>\n",
       "      <td>2024-02-08</td>\n",
       "      <td>2024-02-16</td>\n",
       "      <td>2024-02-13</td>\n",
       "    </tr>\n",
       "    <tr>\n",
       "      <th>235</th>\n",
       "      <td>2024-03-18</td>\n",
       "      <td>2024-03-26</td>\n",
       "      <td>2024-03-21</td>\n",
       "    </tr>\n",
       "    <tr>\n",
       "      <th>252</th>\n",
       "      <td>2024-04-05</td>\n",
       "      <td>2024-04-15</td>\n",
       "      <td>2024-04-10</td>\n",
       "    </tr>\n",
       "    <tr>\n",
       "      <th>269</th>\n",
       "      <td>2024-04-25</td>\n",
       "      <td>2024-05-03</td>\n",
       "      <td>2024-04-30</td>\n",
       "    </tr>\n",
       "    <tr>\n",
       "      <th>295</th>\n",
       "      <td>2024-05-27</td>\n",
       "      <td>2024-06-04</td>\n",
       "      <td>2024-05-30</td>\n",
       "    </tr>\n",
       "  </tbody>\n",
       "</table>\n",
       "</div>"
      ],
      "text/plain": [
       "    start_date   end_date outlier_date\n",
       "4   2023-07-17 2023-07-25   2023-07-20\n",
       "119 2023-11-09 2023-11-17   2023-11-14\n",
       "162 2023-12-22 2024-01-01   2023-12-27\n",
       "167 2023-12-28 2024-01-05   2024-01-02\n",
       "194 2024-01-30 2024-02-07   2024-02-02\n",
       "203 2024-02-08 2024-02-16   2024-02-13\n",
       "235 2024-03-18 2024-03-26   2024-03-21\n",
       "252 2024-04-05 2024-04-15   2024-04-10\n",
       "269 2024-04-25 2024-05-03   2024-04-30\n",
       "295 2024-05-27 2024-06-04   2024-05-30"
      ]
     },
     "execution_count": 4,
     "metadata": {},
     "output_type": "execute_result"
    }
   ],
   "source": [
    "# Convert dates in dataset to datetime objects\n",
    "sorted_outliers_data['date'] = pd.to_datetime(sorted_outliers_data['date'])\n",
    "\n",
    "date_ranges = pd.DataFrame({\n",
    "    \"start_date\": sorted_outliers_data['date'] - BDay(3),\n",
    "    \"end_date\": sorted_outliers_data['date'] + BDay(3),\n",
    "    \"outlier_date\": sorted_outliers_data['date'],\n",
    "})\n",
    "\n",
    "date_ranges"
   ]
  },
  {
   "cell_type": "code",
   "execution_count": 5,
   "metadata": {},
   "outputs": [],
   "source": [
    "def calculate_daily_returns(df, prev_close=None):\n",
    "    if prev_close is not None:\n",
    "        df.loc[df.index[0], 'prev_close'] = prev_close\n",
    "    else:\n",
    "        df['prev_close'] = df['c'].shift(1)\n",
    "    df['returns'] = (df['c'] - df['prev_close']) / df['prev_close']\n",
    "    return df\n",
    "\n",
    "def fetch_hourly_data_chunk(symbol, start_date, end_date, api_key):\n",
    "    formatted_start_date = start_date.strftime('%Y-%m-%d')\n",
    "    formatted_end_date = end_date.strftime('%Y-%m-%d')\n",
    "\n",
    "    url = f\"https://api.polygon.io/v2/aggs/ticker/{symbol}/range/1/hour/{formatted_start_date}/{formatted_end_date}?apiKey={api_key}\"\n",
    "    response = requests.get(url)\n",
    "    \n",
    "    if response.status_code != 200:\n",
    "        print(f\"Failed to fetch data: {response.status_code} - {response.text}\")\n",
    "        return None\n",
    "    \n",
    "    response_data = response.json()\n",
    "    \n",
    "    if 'results' not in response_data:\n",
    "        print(f\"No 'results' in response: {response_data}\")\n",
    "        return None\n",
    "\n",
    "    df = pd.DataFrame(response_data['results'])\n",
    "    df['date'] = pd.to_datetime(df['t'], unit='ms')\n",
    "    df.drop(columns=['t'], inplace=True)\n",
    "    \n",
    "    return df\n",
    "\n",
    "def fetch_and_process_hourly_data(symbol, start_date, end_date, api_key):\n",
    "    pd.set_option('display.max_rows', None)\n",
    "    pd.set_option('display.max_columns', None)\n",
    "    pd.set_option('display.max_colwidth', None)\n",
    "    \n",
    "    # Split the date range into smaller chunks\n",
    "    chunk_size = 3  # Fetch data in 7-day chunks\n",
    "    date_ranges = [(start_date + timedelta(days=i*chunk_size), \n",
    "                    min(end_date, start_date + timedelta(days=(i+1)*chunk_size - 1)))\n",
    "                   for i in range((end_date - start_date).days // chunk_size + 1)]\n",
    "\n",
    "    # print((end_date - start_date).days // chunk_size + 1)\n",
    "    all_data = []\n",
    "\n",
    "    for start, end in date_ranges:\n",
    "        chunk_data = fetch_hourly_data_chunk(symbol, start, end, api_key)\n",
    "        if chunk_data is not None:\n",
    "            all_data.append(chunk_data)\n",
    "    \n",
    "    if not all_data:\n",
    "        print(\"No data fetched\")\n",
    "        return None\n",
    "    \n",
    "    df = pd.concat(all_data)\n",
    "    hourly_data = calculate_daily_returns(df)\n",
    "    hourly_data.set_index('date', inplace=True)\n",
    "    \n",
    "    full_index = pd.date_range(start=start_date, end=end_date + timedelta(days=1), freq='H')\n",
    "    hourly_data = hourly_data.reindex(full_index)\n",
    "    \n",
    "    hourly_data.reset_index(inplace=True)\n",
    "    hourly_data.rename(columns={'index': 'date'}, inplace=True)\n",
    "    \n",
    "    return hourly_data\n"
   ]
  },
  {
   "cell_type": "code",
   "execution_count": 6,
   "metadata": {
    "scrolled": true
   },
   "outputs": [
    {
     "name": "stderr",
     "output_type": "stream",
     "text": [
      "/var/folders/9n/nyfs9h7n2lsfs0vd2lq0589h0000gn/T/ipykernel_26436/28904841.py:59: FutureWarning: 'H' is deprecated and will be removed in a future version, please use 'h' instead.\n",
      "  full_index = pd.date_range(start=start_date, end=end_date + timedelta(days=1), freq='H')\n",
      "/var/folders/9n/nyfs9h7n2lsfs0vd2lq0589h0000gn/T/ipykernel_26436/3555514018.py:26: SettingWithCopyWarning: \n",
      "A value is trying to be set on a copy of a slice from a DataFrame.\n",
      "Try using .loc[row_indexer,col_indexer] = value instead\n",
      "\n",
      "See the caveats in the documentation: https://pandas.pydata.org/pandas-docs/stable/user_guide/indexing.html#returning-a-view-versus-a-copy\n",
      "  prior_data[\"day type\"] = \"prior day\"\n",
      "/var/folders/9n/nyfs9h7n2lsfs0vd2lq0589h0000gn/T/ipykernel_26436/3555514018.py:30: SettingWithCopyWarning: \n",
      "A value is trying to be set on a copy of a slice from a DataFrame.\n",
      "Try using .loc[row_indexer,col_indexer] = value instead\n",
      "\n",
      "See the caveats in the documentation: https://pandas.pydata.org/pandas-docs/stable/user_guide/indexing.html#returning-a-view-versus-a-copy\n",
      "  outlier_data[\"day type\"] = \"outlier day\"\n",
      "/var/folders/9n/nyfs9h7n2lsfs0vd2lq0589h0000gn/T/ipykernel_26436/3555514018.py:35: SettingWithCopyWarning: \n",
      "A value is trying to be set on a copy of a slice from a DataFrame.\n",
      "Try using .loc[row_indexer,col_indexer] = value instead\n",
      "\n",
      "See the caveats in the documentation: https://pandas.pydata.org/pandas-docs/stable/user_guide/indexing.html#returning-a-view-versus-a-copy\n",
      "  post_data[\"day type\"] = \"post day\"\n",
      "/var/folders/9n/nyfs9h7n2lsfs0vd2lq0589h0000gn/T/ipykernel_26436/28904841.py:59: FutureWarning: 'H' is deprecated and will be removed in a future version, please use 'h' instead.\n",
      "  full_index = pd.date_range(start=start_date, end=end_date + timedelta(days=1), freq='H')\n",
      "/var/folders/9n/nyfs9h7n2lsfs0vd2lq0589h0000gn/T/ipykernel_26436/3555514018.py:26: SettingWithCopyWarning: \n",
      "A value is trying to be set on a copy of a slice from a DataFrame.\n",
      "Try using .loc[row_indexer,col_indexer] = value instead\n",
      "\n",
      "See the caveats in the documentation: https://pandas.pydata.org/pandas-docs/stable/user_guide/indexing.html#returning-a-view-versus-a-copy\n",
      "  prior_data[\"day type\"] = \"prior day\"\n",
      "/var/folders/9n/nyfs9h7n2lsfs0vd2lq0589h0000gn/T/ipykernel_26436/3555514018.py:30: SettingWithCopyWarning: \n",
      "A value is trying to be set on a copy of a slice from a DataFrame.\n",
      "Try using .loc[row_indexer,col_indexer] = value instead\n",
      "\n",
      "See the caveats in the documentation: https://pandas.pydata.org/pandas-docs/stable/user_guide/indexing.html#returning-a-view-versus-a-copy\n",
      "  outlier_data[\"day type\"] = \"outlier day\"\n",
      "/var/folders/9n/nyfs9h7n2lsfs0vd2lq0589h0000gn/T/ipykernel_26436/3555514018.py:35: SettingWithCopyWarning: \n",
      "A value is trying to be set on a copy of a slice from a DataFrame.\n",
      "Try using .loc[row_indexer,col_indexer] = value instead\n",
      "\n",
      "See the caveats in the documentation: https://pandas.pydata.org/pandas-docs/stable/user_guide/indexing.html#returning-a-view-versus-a-copy\n",
      "  post_data[\"day type\"] = \"post day\"\n",
      "/var/folders/9n/nyfs9h7n2lsfs0vd2lq0589h0000gn/T/ipykernel_26436/28904841.py:59: FutureWarning: 'H' is deprecated and will be removed in a future version, please use 'h' instead.\n",
      "  full_index = pd.date_range(start=start_date, end=end_date + timedelta(days=1), freq='H')\n",
      "/var/folders/9n/nyfs9h7n2lsfs0vd2lq0589h0000gn/T/ipykernel_26436/3555514018.py:26: SettingWithCopyWarning: \n",
      "A value is trying to be set on a copy of a slice from a DataFrame.\n",
      "Try using .loc[row_indexer,col_indexer] = value instead\n",
      "\n",
      "See the caveats in the documentation: https://pandas.pydata.org/pandas-docs/stable/user_guide/indexing.html#returning-a-view-versus-a-copy\n",
      "  prior_data[\"day type\"] = \"prior day\"\n",
      "/var/folders/9n/nyfs9h7n2lsfs0vd2lq0589h0000gn/T/ipykernel_26436/3555514018.py:30: SettingWithCopyWarning: \n",
      "A value is trying to be set on a copy of a slice from a DataFrame.\n",
      "Try using .loc[row_indexer,col_indexer] = value instead\n",
      "\n",
      "See the caveats in the documentation: https://pandas.pydata.org/pandas-docs/stable/user_guide/indexing.html#returning-a-view-versus-a-copy\n",
      "  outlier_data[\"day type\"] = \"outlier day\"\n",
      "/var/folders/9n/nyfs9h7n2lsfs0vd2lq0589h0000gn/T/ipykernel_26436/3555514018.py:35: SettingWithCopyWarning: \n",
      "A value is trying to be set on a copy of a slice from a DataFrame.\n",
      "Try using .loc[row_indexer,col_indexer] = value instead\n",
      "\n",
      "See the caveats in the documentation: https://pandas.pydata.org/pandas-docs/stable/user_guide/indexing.html#returning-a-view-versus-a-copy\n",
      "  post_data[\"day type\"] = \"post day\"\n"
     ]
    },
    {
     "name": "stdout",
     "output_type": "stream",
     "text": [
      "No 'results' in response: {'ticker': 'C:USDCHF', 'queryCount': 0, 'resultsCount': 0, 'adjusted': True, 'status': 'OK', 'request_id': '7f17e078714a8563e209bee85c8b40f2'}\n"
     ]
    },
    {
     "name": "stderr",
     "output_type": "stream",
     "text": [
      "/var/folders/9n/nyfs9h7n2lsfs0vd2lq0589h0000gn/T/ipykernel_26436/28904841.py:59: FutureWarning: 'H' is deprecated and will be removed in a future version, please use 'h' instead.\n",
      "  full_index = pd.date_range(start=start_date, end=end_date + timedelta(days=1), freq='H')\n",
      "/var/folders/9n/nyfs9h7n2lsfs0vd2lq0589h0000gn/T/ipykernel_26436/3555514018.py:26: SettingWithCopyWarning: \n",
      "A value is trying to be set on a copy of a slice from a DataFrame.\n",
      "Try using .loc[row_indexer,col_indexer] = value instead\n",
      "\n",
      "See the caveats in the documentation: https://pandas.pydata.org/pandas-docs/stable/user_guide/indexing.html#returning-a-view-versus-a-copy\n",
      "  prior_data[\"day type\"] = \"prior day\"\n",
      "/var/folders/9n/nyfs9h7n2lsfs0vd2lq0589h0000gn/T/ipykernel_26436/3555514018.py:30: SettingWithCopyWarning: \n",
      "A value is trying to be set on a copy of a slice from a DataFrame.\n",
      "Try using .loc[row_indexer,col_indexer] = value instead\n",
      "\n",
      "See the caveats in the documentation: https://pandas.pydata.org/pandas-docs/stable/user_guide/indexing.html#returning-a-view-versus-a-copy\n",
      "  outlier_data[\"day type\"] = \"outlier day\"\n",
      "/var/folders/9n/nyfs9h7n2lsfs0vd2lq0589h0000gn/T/ipykernel_26436/3555514018.py:35: SettingWithCopyWarning: \n",
      "A value is trying to be set on a copy of a slice from a DataFrame.\n",
      "Try using .loc[row_indexer,col_indexer] = value instead\n",
      "\n",
      "See the caveats in the documentation: https://pandas.pydata.org/pandas-docs/stable/user_guide/indexing.html#returning-a-view-versus-a-copy\n",
      "  post_data[\"day type\"] = \"post day\"\n",
      "/var/folders/9n/nyfs9h7n2lsfs0vd2lq0589h0000gn/T/ipykernel_26436/28904841.py:59: FutureWarning: 'H' is deprecated and will be removed in a future version, please use 'h' instead.\n",
      "  full_index = pd.date_range(start=start_date, end=end_date + timedelta(days=1), freq='H')\n",
      "/var/folders/9n/nyfs9h7n2lsfs0vd2lq0589h0000gn/T/ipykernel_26436/3555514018.py:26: SettingWithCopyWarning: \n",
      "A value is trying to be set on a copy of a slice from a DataFrame.\n",
      "Try using .loc[row_indexer,col_indexer] = value instead\n",
      "\n",
      "See the caveats in the documentation: https://pandas.pydata.org/pandas-docs/stable/user_guide/indexing.html#returning-a-view-versus-a-copy\n",
      "  prior_data[\"day type\"] = \"prior day\"\n",
      "/var/folders/9n/nyfs9h7n2lsfs0vd2lq0589h0000gn/T/ipykernel_26436/3555514018.py:30: SettingWithCopyWarning: \n",
      "A value is trying to be set on a copy of a slice from a DataFrame.\n",
      "Try using .loc[row_indexer,col_indexer] = value instead\n",
      "\n",
      "See the caveats in the documentation: https://pandas.pydata.org/pandas-docs/stable/user_guide/indexing.html#returning-a-view-versus-a-copy\n",
      "  outlier_data[\"day type\"] = \"outlier day\"\n",
      "/var/folders/9n/nyfs9h7n2lsfs0vd2lq0589h0000gn/T/ipykernel_26436/3555514018.py:35: SettingWithCopyWarning: \n",
      "A value is trying to be set on a copy of a slice from a DataFrame.\n",
      "Try using .loc[row_indexer,col_indexer] = value instead\n",
      "\n",
      "See the caveats in the documentation: https://pandas.pydata.org/pandas-docs/stable/user_guide/indexing.html#returning-a-view-versus-a-copy\n",
      "  post_data[\"day type\"] = \"post day\"\n"
     ]
    },
    {
     "name": "stdout",
     "output_type": "stream",
     "text": [
      "No 'results' in response: {'ticker': 'C:USDCHF', 'queryCount': 0, 'resultsCount': 0, 'adjusted': True, 'status': 'OK', 'request_id': 'c0c5cf56a8c8650980c66b3ba37e316a'}\n"
     ]
    },
    {
     "name": "stderr",
     "output_type": "stream",
     "text": [
      "/var/folders/9n/nyfs9h7n2lsfs0vd2lq0589h0000gn/T/ipykernel_26436/28904841.py:59: FutureWarning: 'H' is deprecated and will be removed in a future version, please use 'h' instead.\n",
      "  full_index = pd.date_range(start=start_date, end=end_date + timedelta(days=1), freq='H')\n",
      "/var/folders/9n/nyfs9h7n2lsfs0vd2lq0589h0000gn/T/ipykernel_26436/3555514018.py:26: SettingWithCopyWarning: \n",
      "A value is trying to be set on a copy of a slice from a DataFrame.\n",
      "Try using .loc[row_indexer,col_indexer] = value instead\n",
      "\n",
      "See the caveats in the documentation: https://pandas.pydata.org/pandas-docs/stable/user_guide/indexing.html#returning-a-view-versus-a-copy\n",
      "  prior_data[\"day type\"] = \"prior day\"\n",
      "/var/folders/9n/nyfs9h7n2lsfs0vd2lq0589h0000gn/T/ipykernel_26436/3555514018.py:30: SettingWithCopyWarning: \n",
      "A value is trying to be set on a copy of a slice from a DataFrame.\n",
      "Try using .loc[row_indexer,col_indexer] = value instead\n",
      "\n",
      "See the caveats in the documentation: https://pandas.pydata.org/pandas-docs/stable/user_guide/indexing.html#returning-a-view-versus-a-copy\n",
      "  outlier_data[\"day type\"] = \"outlier day\"\n",
      "/var/folders/9n/nyfs9h7n2lsfs0vd2lq0589h0000gn/T/ipykernel_26436/3555514018.py:35: SettingWithCopyWarning: \n",
