{
  "cells": [
    {
      "cell_type": "code",
      "execution_count": 1,
      "metadata": {
        "id": "UoqZ2wj2zxzf"
      },
      "outputs": [],
      "source": [
        "from pandas.tseries.offsets import BDay\n",
        "import requests\n",
        "import numpy as np\n",
        "import pandas as pd\n",
        "from sklearn.preprocessing import MinMaxScaler\n",
        "from sklearn.metrics import mean_absolute_percentage_error, mean_absolute_error, mean_squared_error, r2_score\n",
        "from tensorflow.keras.models import Sequential\n",
        "from tensorflow.keras.layers import LSTM, Dense\n",
        "from tensorflow.keras.optimizers import Adam\n",
        "import matplotlib.pyplot as plt\n",
        "from tensorflow.keras.preprocessing.sequence import TimeseriesGenerator"
      ]
    },
    {
      "cell_type": "code",
      "execution_count": 2,
      "metadata": {
        "colab": {
          "base_uri": "https://localhost:8080/",
          "height": 362
        },
        "id": "kV4zWnVy1Llo",
        "outputId": "5bea9278-77c2-4c15-a51d-f04f7eb0c19f"
      },
      "outputs": [
        {
          "data": {
            "text/html": [
              "<div>\n",
              "<style scoped>\n",
              "    .dataframe tbody tr th:only-of-type {\n",
              "        vertical-align: middle;\n",
              "    }\n",
              "\n",
              "    .dataframe tbody tr th {\n",
              "        vertical-align: top;\n",
              "    }\n",
              "\n",
              "    .dataframe thead th {\n",
              "        text-align: right;\n",
              "    }\n",
              "</style>\n",
              "<table border=\"1\" class=\"dataframe\">\n",
              "  <thead>\n",
              "    <tr style=\"text-align: right;\">\n",
              "      <th></th>\n",
              "      <th>v</th>\n",
              "      <th>vw</th>\n",
              "      <th>o</th>\n",
              "      <th>c</th>\n",
              "      <th>h</th>\n",
              "      <th>l</th>\n",
              "      <th>n</th>\n",
              "      <th>date</th>\n",
              "      <th>prev_close</th>\n",
              "      <th>daily_return</th>\n",
              "      <th>abs_daily_return</th>\n",
              "      <th>source</th>\n",
              "    </tr>\n",
              "  </thead>\n",
              "  <tbody>\n",
              "    <tr>\n",
              "      <th>300</th>\n",
              "      <td>216451</td>\n",
              "      <td>0.8664</td>\n",
              "      <td>0.87294</td>\n",
              "      <td>0.857700</td>\n",
              "      <td>0.87336</td>\n",
              "      <td>0.85710</td>\n",
              "      <td>216451</td>\n",
              "      <td>2024-08-02</td>\n",
              "      <td>0.87294</td>\n",
              "      <td>-0.017458</td>\n",
              "      <td>0.017458</td>\n",
              "      <td>historical</td>\n",
              "    </tr>\n",
              "    <tr>\n",
              "      <th>185</th>\n",
              "      <td>187960</td>\n",
              "      <td>0.8932</td>\n",
              "      <td>0.88558</td>\n",
              "      <td>0.897500</td>\n",
              "      <td>0.89937</td>\n",
              "      <td>0.88360</td>\n",
              "      <td>187960</td>\n",
              "      <td>2024-03-21</td>\n",
              "      <td>0.88555</td>\n",
              "      <td>0.013494</td>\n",
              "      <td>0.013494</td>\n",
              "      <td>historical</td>\n",
              "    </tr>\n",
              "    <tr>\n",
              "      <th>69</th>\n",
              "      <td>168024</td>\n",
              "      <td>0.8965</td>\n",
              "      <td>0.90127</td>\n",
              "      <td>0.889100</td>\n",
              "      <td>0.90271</td>\n",
              "      <td>0.88750</td>\n",
              "      <td>168024</td>\n",
              "      <td>2023-11-14</td>\n",
              "      <td>0.90120</td>\n",
              "      <td>-0.013427</td>\n",
              "      <td>0.013427</td>\n",
              "      <td>historical</td>\n",
              "    </tr>\n",
              "    <tr>\n",
              "      <th>153</th>\n",
              "      <td>191642</td>\n",
              "      <td>0.8825</td>\n",
              "      <td>0.87580</td>\n",
              "      <td>0.887420</td>\n",
              "      <td>0.88810</td>\n",
              "      <td>0.87520</td>\n",
              "      <td>191642</td>\n",
              "      <td>2024-02-13</td>\n",
              "      <td>0.87581</td>\n",
              "      <td>0.013256</td>\n",
              "      <td>0.013256</td>\n",
              "      <td>historical</td>\n",
              "    </tr>\n",
              "    <tr>\n",
              "      <th>112</th>\n",
              "      <td>174820</td>\n",
              "      <td>0.8495</td>\n",
              "      <td>0.85359</td>\n",
              "      <td>0.842500</td>\n",
              "      <td>0.85487</td>\n",
              "      <td>0.84060</td>\n",
              "      <td>174820</td>\n",
              "      <td>2023-12-27</td>\n",
              "      <td>0.85372</td>\n",
              "      <td>-0.013142</td>\n",
              "      <td>0.013142</td>\n",
              "      <td>historical</td>\n",
              "    </tr>\n",
              "    <tr>\n",
              "      <th>286</th>\n",
              "      <td>160058</td>\n",
              "      <td>0.8871</td>\n",
              "      <td>0.89375</td>\n",
              "      <td>0.881950</td>\n",
              "      <td>0.89411</td>\n",
              "      <td>0.88166</td>\n",
              "      <td>160058</td>\n",
              "      <td>2024-07-17</td>\n",
              "      <td>0.89338</td>\n",
              "      <td>-0.012794</td>\n",
              "      <td>0.012794</td>\n",
              "      <td>historical</td>\n",
              "    </tr>\n",
              "    <tr>\n",
              "      <th>202</th>\n",
              "      <td>159390</td>\n",
              "      <td>0.9089</td>\n",
              "      <td>0.90297</td>\n",
              "      <td>0.913140</td>\n",
              "      <td>0.91470</td>\n",
              "      <td>0.90260</td>\n",
              "      <td>159390</td>\n",
              "      <td>2024-04-10</td>\n",
              "      <td>0.90303</td>\n",
              "      <td>0.011196</td>\n",
              "      <td>0.011196</td>\n",
              "      <td>historical</td>\n",
              "    </tr>\n",
              "    <tr>\n",
              "      <th>245</th>\n",
              "      <td>172177</td>\n",
              "      <td>0.9074</td>\n",
              "      <td>0.91319</td>\n",
              "      <td>0.903320</td>\n",
              "      <td>0.91408</td>\n",
              "      <td>0.90053</td>\n",
              "      <td>172177</td>\n",
              "      <td>2024-05-30</td>\n",
              "      <td>0.91311</td>\n",
              "      <td>-0.010722</td>\n",
              "      <td>0.010722</td>\n",
              "      <td>historical</td>\n",
              "    </tr>\n",
              "    <tr>\n",
              "      <th>144</th>\n",
              "      <td>184263</td>\n",
              "      <td>0.8610</td>\n",
              "      <td>0.85760</td>\n",
              "      <td>0.866698</td>\n",
              "      <td>0.86820</td>\n",
              "      <td>0.85510</td>\n",
              "      <td>184263</td>\n",
              "      <td>2024-02-02</td>\n",
              "      <td>0.85760</td>\n",
              "      <td>0.010609</td>\n",
              "      <td>0.010609</td>\n",
              "      <td>historical</td>\n",
              "    </tr>\n",
              "    <tr>\n",
              "      <th>315</th>\n",
              "      <td>164709</td>\n",
              "      <td>0.8591</td>\n",
              "      <td>0.86242</td>\n",
              "      <td>0.853540</td>\n",
              "      <td>0.86257</td>\n",
              "      <td>0.85190</td>\n",
              "      <td>164709</td>\n",
              "      <td>2024-08-20</td>\n",
              "      <td>0.86254</td>\n",
              "      <td>-0.010434</td>\n",
              "      <td>0.010434</td>\n",
              "      <td>historical</td>\n",
              "    </tr>\n",
              "  </tbody>\n",
              "</table>\n",
              "</div>"
            ],
            "text/plain": [
              "          v      vw        o         c        h        l       n       date  \\\n",
              "300  216451  0.8664  0.87294  0.857700  0.87336  0.85710  216451 2024-08-02   \n",
              "185  187960  0.8932  0.88558  0.897500  0.89937  0.88360  187960 2024-03-21   \n",
              "69   168024  0.8965  0.90127  0.889100  0.90271  0.88750  168024 2023-11-14   \n",
              "153  191642  0.8825  0.87580  0.887420  0.88810  0.87520  191642 2024-02-13   \n",
              "112  174820  0.8495  0.85359  0.842500  0.85487  0.84060  174820 2023-12-27   \n",
              "286  160058  0.8871  0.89375  0.881950  0.89411  0.88166  160058 2024-07-17   \n",
              "202  159390  0.9089  0.90297  0.913140  0.91470  0.90260  159390 2024-04-10   \n",
              "245  172177  0.9074  0.91319  0.903320  0.91408  0.90053  172177 2024-05-30   \n",
              "144  184263  0.8610  0.85760  0.866698  0.86820  0.85510  184263 2024-02-02   \n",
              "315  164709  0.8591  0.86242  0.853540  0.86257  0.85190  164709 2024-08-20   \n",
              "\n",
              "     prev_close  daily_return  abs_daily_return      source  \n",
              "300     0.87294     -0.017458          0.017458  historical  \n",
              "185     0.88555      0.013494          0.013494  historical  \n",
              "69      0.90120     -0.013427          0.013427  historical  \n",
              "153     0.87581      0.013256          0.013256  historical  \n",
              "112     0.85372     -0.013142          0.013142  historical  \n",
              "286     0.89338     -0.012794          0.012794  historical  \n",
              "202     0.90303      0.011196          0.011196  historical  \n",
              "245     0.91311     -0.010722          0.010722  historical  \n",
              "144     0.85760      0.010609          0.010609  historical  \n",
              "315     0.86254     -0.010434          0.010434  historical  "
            ]
          },
          "execution_count": 2,
          "metadata": {},
          "output_type": "execute_result"
        }
      ],
      "source": [
        "def fetch_data(url):\n",
        "    response = requests.get(url)\n",
        "    if response.status_code != 200:\n",
        "        print(\"Error fetching data:\", response.status_code, response.text)\n",
        "        return None\n",
        "    data = response.json()\n",
        "    if 'results' not in data:\n",
        "        print(\"No 'results' key in response:\", data)\n",
        "        return None\n",
        "    return data\n",
        "\n",
        "def calculate_daily_returns(df, prev_close=None):\n",
        "    if prev_close is not None:\n",
        "        df.loc[df.index[0], 'prev_close'] = prev_close\n",
        "    else:\n",
        "        df['prev_close'] = df['c'].shift(1)\n",
        "    df['daily_return'] = (df['c'] - df['prev_close']) / df['prev_close']\n",
        "    df['abs_daily_return'] = df['daily_return'].abs()\n",
        "    return df\n",
        "\n",
        "def get_top_outliers(df, n=10):\n",
        "    return df.nlargest(n, 'abs_daily_return')\n",
        "\n",
        "def update_outliers_list(current_df, historical_outliers_df, real_time_outliers_df, n=10):\n",
        "    if 'source' not in current_df.columns:\n",
        "        current_df['source'] = 'real-time'\n",
        "    combined_df = pd.concat([historical_outliers_df, current_df])\n",
        "    updated_outliers_df = combined_df.nlargest(n, 'abs_daily_return')\n",
        "    updated_historical_outliers_df = updated_outliers_df[updated_outliers_df['source'] == 'historical']\n",
        "    updated_real_time_outliers_df = updated_outliers_df[updated_outliers_df['source'] == 'real-time']\n",
        "    return updated_historical_outliers_df, updated_real_time_outliers_df\n",
        "\n",
        "def convert_timestamps(df):\n",
        "    df['date'] = pd.to_datetime(df['t'], unit='ms')\n",
        "    df.drop(columns=['t'], inplace=True)\n",
        "    return df\n",
        "\n",
        "# API key and endpoints\n",
        "api_key = 'beBybSi8daPgsTp5yx5cHtHpYcrjp5Jq'\n",
        "today = pd.Timestamp.now().date()\n",
        "start_date = today - pd.DateOffset(years=1)\n",
        "start_date_formatted = start_date.strftime('%Y-%m-%d')\n",
        "end_date = today - pd.DateOffset(days=1)\n",
        "end_date_formatted = end_date.strftime('%Y-%m-%d')\n",
        "symbol = 'C:USDCHF'\n",
        "historical_url = f'https://api.polygon.io/v2/aggs/ticker/{symbol}/range/1/day/{start_date_formatted}/{end_date_formatted}?adjusted=true&sort=asc&apiKey={api_key}'\n",
        "real_time_url = f'https://api.polygon.io/v2/aggs/ticker/{symbol}/range/1/day/{today}/{today}?adjusted=true&sort=asc&apiKey={api_key}'\n",
        "\n",
        "# Fetch and process historical data\n",
        "historical_data = fetch_data(historical_url)\n",
        "if historical_data:\n",
        "    historical_df = pd.DataFrame(historical_data['results'])\n",
        "    historical_df = convert_timestamps(historical_df)\n",
        "    historical_df = calculate_daily_returns(historical_df)\n",
        "    historical_df['source'] = 'historical'\n",
        "    historical_outliers_df = get_top_outliers(historical_df)\n",
        "else:\n",
        "    print(\"Failed to fetch or process historical data.\")\n",
        "\n",
        "# Fetch and process real-time data\n",
        "real_time_data = fetch_data(real_time_url)\n",
        "if real_time_data and 'results' in real_time_data:\n",
        "    real_time_df = pd.DataFrame(real_time_data['results'])\n",
        "    real_time_df = convert_timestamps(real_time_df)\n",
        "    # Use the last close from historical data\n",
        "    last_close = historical_df['c'].iloc[-1] if not historical_df.empty else None\n",
        "    real_time_df = calculate_daily_returns(real_time_df, prev_close=last_close)\n",
        "    real_time_df['source'] = 'real-time'\n",
        "    updated_historical_outliers_df, updated_real_time_outliers_df = update_outliers_list(real_time_df, historical_outliers_df, pd.DataFrame())\n",
        "    # Update historical data\n",
        "    historical_df = pd.concat([historical_df.iloc[1:], real_time_df])  # Keep historical data rolling\n",
        "else:\n",
        "    print(\"No new data available or failed to fetch real-time data.\")\n",
        "\n",
        "# Combine data for Top 10 Outliers\n",
        "full_outlier_df = pd.concat([updated_historical_outliers_df, updated_real_time_outliers_df])\n",
        "\n",
        "# Print the Outliers\n",
        "full_outlier_df"
      ]
    },
    {
      "cell_type": "code",
      "execution_count": 3,
      "metadata": {
        "colab": {
          "base_uri": "https://localhost:8080/",
          "height": 362
        },
        "id": "GvMzWveQ1T6B",
        "outputId": "aace560a-0198-4481-d0d0-336953ac00e5"
      },
      "outputs": [
        {
          "data": {
            "text/html": [
              "<div>\n",
              "<style scoped>\n",
              "    .dataframe tbody tr th:only-of-type {\n",
              "        vertical-align: middle;\n",
              "    }\n",
              "\n",
              "    .dataframe tbody tr th {\n",
              "        vertical-align: top;\n",
              "    }\n",
              "\n",
              "    .dataframe thead th {\n",
              "        text-align: right;\n",
              "    }\n",
              "</style>\n",
              "<table border=\"1\" class=\"dataframe\">\n",
              "  <thead>\n",
              "    <tr style=\"text-align: right;\">\n",
              "      <th></th>\n",
              "      <th>v</th>\n",
              "      <th>vw</th>\n",
              "      <th>o</th>\n",
              "      <th>c</th>\n",
              "      <th>h</th>\n",
              "      <th>l</th>\n",
              "      <th>n</th>\n",
              "      <th>date</th>\n",
              "      <th>prev_close</th>\n",
              "      <th>daily_return</th>\n",
              "      <th>abs_daily_return</th>\n",
              "      <th>source</th>\n",
              "    </tr>\n",
              "  </thead>\n",
              "  <tbody>\n",
              "    <tr>\n",
              "      <th>69</th>\n",
              "      <td>168024</td>\n",
              "      <td>0.8965</td>\n",
              "      <td>0.90127</td>\n",
              "      <td>0.889100</td>\n",
              "      <td>0.90271</td>\n",
              "      <td>0.88750</td>\n",
              "      <td>168024</td>\n",
              "      <td>2023-11-14</td>\n",
              "      <td>0.90120</td>\n",
              "      <td>-0.013427</td>\n",
              "      <td>0.013427</td>\n",
              "      <td>historical</td>\n",
              "    </tr>\n",
              "    <tr>\n",
              "      <th>112</th>\n",
              "      <td>174820</td>\n",
              "      <td>0.8495</td>\n",
              "      <td>0.85359</td>\n",
              "      <td>0.842500</td>\n",
              "      <td>0.85487</td>\n",
              "      <td>0.84060</td>\n",
              "      <td>174820</td>\n",
              "      <td>2023-12-27</td>\n",
              "      <td>0.85372</td>\n",
              "      <td>-0.013142</td>\n",
              "      <td>0.013142</td>\n",
              "      <td>historical</td>\n",
              "    </tr>\n",
              "    <tr>\n",
              "      <th>144</th>\n",
              "      <td>184263</td>\n",
              "      <td>0.8610</td>\n",
              "      <td>0.85760</td>\n",
              "      <td>0.866698</td>\n",
              "      <td>0.86820</td>\n",
              "      <td>0.85510</td>\n",
              "      <td>184263</td>\n",
              "      <td>2024-02-02</td>\n",
              "      <td>0.85760</td>\n",
              "      <td>0.010609</td>\n",
              "      <td>0.010609</td>\n",
              "      <td>historical</td>\n",
              "    </tr>\n",
              "    <tr>\n",
              "      <th>153</th>\n",
              "      <td>191642</td>\n",
              "      <td>0.8825</td>\n",
              "      <td>0.87580</td>\n",
              "      <td>0.887420</td>\n",
              "      <td>0.88810</td>\n",
              "      <td>0.87520</td>\n",
              "      <td>191642</td>\n",
              "      <td>2024-02-13</td>\n",
              "      <td>0.87581</td>\n",
              "      <td>0.013256</td>\n",
              "      <td>0.013256</td>\n",
              "      <td>historical</td>\n",
              "    </tr>\n",
              "    <tr>\n",
              "      <th>185</th>\n",
              "      <td>187960</td>\n",
              "      <td>0.8932</td>\n",
              "      <td>0.88558</td>\n",
              "      <td>0.897500</td>\n",
              "      <td>0.89937</td>\n",
              "      <td>0.88360</td>\n",
              "      <td>187960</td>\n",
              "      <td>2024-03-21</td>\n",
              "      <td>0.88555</td>\n",
              "      <td>0.013494</td>\n",
              "      <td>0.013494</td>\n",
              "      <td>historical</td>\n",
              "    </tr>\n",
              "    <tr>\n",
              "      <th>202</th>\n",
              "      <td>159390</td>\n",
              "      <td>0.9089</td>\n",
              "      <td>0.90297</td>\n",
              "      <td>0.913140</td>\n",
              "      <td>0.91470</td>\n",
              "      <td>0.90260</td>\n",
              "      <td>159390</td>\n",
              "      <td>2024-04-10</td>\n",
              "      <td>0.90303</td>\n",
              "      <td>0.011196</td>\n",
              "      <td>0.011196</td>\n",
              "      <td>historical</td>\n",
              "    </tr>\n",
              "    <tr>\n",
              "      <th>245</th>\n",
              "      <td>172177</td>\n",
              "      <td>0.9074</td>\n",
              "      <td>0.91319</td>\n",
              "      <td>0.903320</td>\n",
              "      <td>0.91408</td>\n",
              "      <td>0.90053</td>\n",
              "      <td>172177</td>\n",
              "      <td>2024-05-30</td>\n",
              "      <td>0.91311</td>\n",
              "      <td>-0.010722</td>\n",
              "      <td>0.010722</td>\n",
              "      <td>historical</td>\n",
              "    </tr>\n",
              "    <tr>\n",
              "      <th>286</th>\n",
              "      <td>160058</td>\n",
              "      <td>0.8871</td>\n",
              "      <td>0.89375</td>\n",
              "      <td>0.881950</td>\n",
              "      <td>0.89411</td>\n",
              "      <td>0.88166</td>\n",
              "      <td>160058</td>\n",
              "      <td>2024-07-17</td>\n",
              "      <td>0.89338</td>\n",
              "      <td>-0.012794</td>\n",
              "      <td>0.012794</td>\n",
              "      <td>historical</td>\n",
              "    </tr>\n",
              "    <tr>\n",
              "      <th>300</th>\n",
              "      <td>216451</td>\n",
              "      <td>0.8664</td>\n",
              "      <td>0.87294</td>\n",
              "      <td>0.857700</td>\n",
              "      <td>0.87336</td>\n",
              "      <td>0.85710</td>\n",
              "      <td>216451</td>\n",
              "      <td>2024-08-02</td>\n",
              "      <td>0.87294</td>\n",
              "      <td>-0.017458</td>\n",
              "      <td>0.017458</td>\n",
              "      <td>historical</td>\n",
              "    </tr>\n",
              "    <tr>\n",
              "      <th>315</th>\n",
              "      <td>164709</td>\n",
              "      <td>0.8591</td>\n",
              "      <td>0.86242</td>\n",
              "      <td>0.853540</td>\n",
              "      <td>0.86257</td>\n",
              "      <td>0.85190</td>\n",
              "      <td>164709</td>\n",
              "      <td>2024-08-20</td>\n",
              "      <td>0.86254</td>\n",
              "      <td>-0.010434</td>\n",
              "      <td>0.010434</td>\n",
              "      <td>historical</td>\n",
              "    </tr>\n",
              "  </tbody>\n",
              "</table>\n",
              "</div>"
            ],
            "text/plain": [
              "          v      vw        o         c        h        l       n       date  \\\n",
              "69   168024  0.8965  0.90127  0.889100  0.90271  0.88750  168024 2023-11-14   \n",
              "112  174820  0.8495  0.85359  0.842500  0.85487  0.84060  174820 2023-12-27   \n",
              "144  184263  0.8610  0.85760  0.866698  0.86820  0.85510  184263 2024-02-02   \n",
              "153  191642  0.8825  0.87580  0.887420  0.88810  0.87520  191642 2024-02-13   \n",
              "185  187960  0.8932  0.88558  0.897500  0.89937  0.88360  187960 2024-03-21   \n",
              "202  159390  0.9089  0.90297  0.913140  0.91470  0.90260  159390 2024-04-10   \n",
              "245  172177  0.9074  0.91319  0.903320  0.91408  0.90053  172177 2024-05-30   \n",
              "286  160058  0.8871  0.89375  0.881950  0.89411  0.88166  160058 2024-07-17   \n",
              "300  216451  0.8664  0.87294  0.857700  0.87336  0.85710  216451 2024-08-02   \n",
              "315  164709  0.8591  0.86242  0.853540  0.86257  0.85190  164709 2024-08-20   \n",
              "\n",
              "     prev_close  daily_return  abs_daily_return      source  \n",
              "69      0.90120     -0.013427          0.013427  historical  \n",
              "112     0.85372     -0.013142          0.013142  historical  \n",
              "144     0.85760      0.010609          0.010609  historical  \n",
              "153     0.87581      0.013256          0.013256  historical  \n",
              "185     0.88555      0.013494          0.013494  historical  \n",
              "202     0.90303      0.011196          0.011196  historical  \n",
              "245     0.91311     -0.010722          0.010722  historical  \n",
              "286     0.89338     -0.012794          0.012794  historical  \n",
              "300     0.87294     -0.017458          0.017458  historical  \n",
              "315     0.86254     -0.010434          0.010434  historical  "
            ]
          },
          "execution_count": 3,
          "metadata": {},
          "output_type": "execute_result"
        }
      ],
      "source": [
        "sorted_outliers_data = full_outlier_df.sort_values(by=\"date\")\n",
        "sorted_outliers_data"
      ]
    },
    {
      "cell_type": "code",
      "execution_count": 4,
      "metadata": {
        "colab": {
          "base_uri": "https://localhost:8080/",
          "height": 362
        },
        "id": "OJxxo8r-1Wnw",
        "outputId": "5ee8c5bf-379f-4e82-d647-572dc41255c8"
      },
      "outputs": [
        {
          "data": {
            "text/html": [
              "<div>\n",
              "<style scoped>\n",
              "    .dataframe tbody tr th:only-of-type {\n",
              "        vertical-align: middle;\n",
              "    }\n",
              "\n",
              "    .dataframe tbody tr th {\n",
              "        vertical-align: top;\n",
              "    }\n",
              "\n",
              "    .dataframe thead th {\n",
              "        text-align: right;\n",
              "    }\n",
              "</style>\n",
              "<table border=\"1\" class=\"dataframe\">\n",
              "  <thead>\n",
              "    <tr style=\"text-align: right;\">\n",
              "      <th></th>\n",
              "      <th>start_date</th>\n",
              "      <th>end_date</th>\n",
              "      <th>outlier_date</th>\n",
              "    </tr>\n",
              "  </thead>\n",
              "  <tbody>\n",
              "    <tr>\n",
              "      <th>69</th>\n",
              "      <td>2023-10-25</td>\n",
              "      <td>2023-12-05</td>\n",
              "      <td>2023-11-14</td>\n",
              "    </tr>\n",
              "    <tr>\n",
              "      <th>112</th>\n",
              "      <td>2023-12-07</td>\n",
              "      <td>2024-01-17</td>\n",
              "      <td>2023-12-27</td>\n",
              "    </tr>\n",
              "    <tr>\n",
              "      <th>144</th>\n",
              "      <td>2024-01-15</td>\n",
              "      <td>2024-02-23</td>\n",
              "      <td>2024-02-02</td>\n",
              "    </tr>\n",
              "    <tr>\n",
              "      <th>153</th>\n",
              "      <td>2024-01-24</td>\n",
              "      <td>2024-03-05</td>\n",
              "      <td>2024-02-13</td>\n",
              "    </tr>\n",
              "    <tr>\n",
              "      <th>185</th>\n",
              "      <td>2024-03-01</td>\n",
              "      <td>2024-04-11</td>\n",
              "      <td>2024-03-21</td>\n",
              "    </tr>\n",
              "    <tr>\n",
              "      <th>202</th>\n",
              "      <td>2024-03-21</td>\n",
              "      <td>2024-05-01</td>\n",
              "      <td>2024-04-10</td>\n",
              "    </tr>\n",
              "    <tr>\n",
              "      <th>245</th>\n",
              "      <td>2024-05-10</td>\n",
              "      <td>2024-06-20</td>\n",
              "      <td>2024-05-30</td>\n",
              "    </tr>\n",
              "    <tr>\n",
              "      <th>286</th>\n",
              "      <td>2024-06-27</td>\n",
              "      <td>2024-08-07</td>\n",
              "      <td>2024-07-17</td>\n",
              "    </tr>\n",
              "    <tr>\n",
              "      <th>300</th>\n",
              "      <td>2024-07-15</td>\n",
              "      <td>2024-08-23</td>\n",
              "      <td>2024-08-02</td>\n",
              "    </tr>\n",
              "    <tr>\n",
              "      <th>315</th>\n",
              "      <td>2024-07-31</td>\n",
              "      <td>2024-09-10</td>\n",
              "      <td>2024-08-20</td>\n",
              "    </tr>\n",
              "  </tbody>\n",
              "</table>\n",
              "</div>"
            ],
            "text/plain": [
              "    start_date   end_date outlier_date\n",
              "69  2023-10-25 2023-12-05   2023-11-14\n",
              "112 2023-12-07 2024-01-17   2023-12-27\n",
              "144 2024-01-15 2024-02-23   2024-02-02\n",
              "153 2024-01-24 2024-03-05   2024-02-13\n",
              "185 2024-03-01 2024-04-11   2024-03-21\n",
              "202 2024-03-21 2024-05-01   2024-04-10\n",
              "245 2024-05-10 2024-06-20   2024-05-30\n",
              "286 2024-06-27 2024-08-07   2024-07-17\n",
              "300 2024-07-15 2024-08-23   2024-08-02\n",
              "315 2024-07-31 2024-09-10   2024-08-20"
            ]
          },
          "execution_count": 4,
          "metadata": {},
          "output_type": "execute_result"
        }
      ],
      "source": [
        "# Convert dates in dataset to datetime objects\n",
        "sorted_outliers_data['date'] = pd.to_datetime(sorted_outliers_data['date'])\n",
        "\n",
        "date_ranges = pd.DataFrame({\n",
        "    \"start_date\": sorted_outliers_data['date'] - BDay(14), # To predict X days, keep this as X-1 (as 1 day of outlier will be considered in LSTM input)\n",
        "    \"end_date\": sorted_outliers_data['date'] + BDay(15),\n",
        "    \"outlier_date\": sorted_outliers_data['date'],\n",
        "})\n",
        "\n",
        "date_ranges"
      ]
    },
    {
      "cell_type": "code",
      "execution_count": 5,
      "metadata": {
        "id": "Eb5o_mw11ZPy"
      },
      "outputs": [],
      "source": [
        "def calculate_daily_returns(df, prev_close=None):\n",
        "    if prev_close is not None:\n",
        "        df.loc[df.index[0], 'prev_close'] = prev_close\n",
        "    else:\n",
        "        df['prev_close'] = df['c'].shift(1)\n",
        "    df['daily_return'] = (df['c'] - df['prev_close']) / df['prev_close']\n",
        "    df['abs_daily_return'] = df['daily_return'].abs()\n",
        "    return df\n",
        "\n",
        "def fetch_daily_data(symbol, start_date, end_date, api_key):\n",
        "    formatted_start_date = start_date.strftime('%Y-%m-%d')\n",
        "    formatted_end_date = end_date.strftime('%Y-%m-%d')\n",
        "\n",
        "    url = f\"https://api.polygon.io/v2/aggs/ticker/{symbol}/range/1/day/{formatted_start_date}/{formatted_end_date}?adjusted=true&sort=asc&apiKey={api_key}\"\n",
        "    response = requests.get(url)\n",
        "\n",
        "    if response.status_code != 200:\n",
        "        print(f\"Failed to fetch data: {response.status_code} - {response.text}\")\n",
        "        return None\n",
        "\n",
        "    response_data = response.json()\n",
        "\n",
        "    if 'results' not in response_data:\n",
        "        print(f\"No 'results' in response: {response_data}\")\n",
        "        return None\n",
        "\n",
        "    df = pd.DataFrame(response_data['results'])\n",
        "    df['date'] = pd.to_datetime(df['t'], unit='ms')\n",
        "    df.drop(columns=['t'], inplace=True)\n",
        "\n",
        "    daily_data = calculate_daily_returns(df)\n",
        "    daily_data.set_index('date', inplace=True)\n",
        "\n",
        "    return daily_data\n",
        "\n",
        "def fetch_and_process_daily_data(symbol, start_date, end_date, api_key):\n",
        "    daily_data = fetch_daily_data(symbol, start_date, end_date, api_key)\n",
        "\n",
        "    if daily_data is None:\n",
        "        print(\"No data fetched\")\n",
        "        return None\n",
        "\n",
        "    daily_data.reset_index(inplace=True)\n",
        "    return daily_data"
      ]
    },
    {
      "cell_type": "code",
      "execution_count": 6,
      "metadata": {
        "colab": {
          "base_uri": "https://localhost:8080/",
          "height": 1000
        },
        "id": "5Rg84aHD1hqd",
        "outputId": "b36ac82d-65cd-4cb4-b503-716c9f99fb95"
      },
      "outputs": [
        {
          "name": "stderr",
          "output_type": "stream",
          "text": [
            "/var/folders/9n/nyfs9h7n2lsfs0vd2lq0589h0000gn/T/ipykernel_22927/2807039802.py:20: SettingWithCopyWarning: \n",
            "A value is trying to be set on a copy of a slice from a DataFrame.\n",
            "Try using .loc[row_indexer,col_indexer] = value instead\n",
            "\n",
            "See the caveats in the documentation: https://pandas.pydata.org/pandas-docs/stable/user_guide/indexing.html#returning-a-view-versus-a-copy\n",
            "  df_prior[\"day type\"] = \"prior day\"\n",
            "/var/folders/9n/nyfs9h7n2lsfs0vd2lq0589h0000gn/T/ipykernel_22927/2807039802.py:24: SettingWithCopyWarning: \n",
            "A value is trying to be set on a copy of a slice from a DataFrame.\n",
            "Try using .loc[row_indexer,col_indexer] = value instead\n",
            "\n",
            "See the caveats in the documentation: https://pandas.pydata.org/pandas-docs/stable/user_guide/indexing.html#returning-a-view-versus-a-copy\n",
            "  df_outlier[\"day type\"] = \"outlier day\"\n",
            "/var/folders/9n/nyfs9h7n2lsfs0vd2lq0589h0000gn/T/ipykernel_22927/2807039802.py:29: SettingWithCopyWarning: \n",
            "A value is trying to be set on a copy of a slice from a DataFrame.\n",
            "Try using .loc[row_indexer,col_indexer] = value instead\n",
            "\n",
            "See the caveats in the documentation: https://pandas.pydata.org/pandas-docs/stable/user_guide/indexing.html#returning-a-view-versus-a-copy\n",
            "  df_post[\"day type\"] = \"post day\"\n"
          ]
        },
        {
          "data": {
            "text/html": [
              "<div>\n",
              "<style scoped>\n",
              "    .dataframe tbody tr th:only-of-type {\n",
              "        vertical-align: middle;\n",
              "    }\n",
              "\n",
              "    .dataframe tbody tr th {\n",
              "        vertical-align: top;\n",
              "    }\n",
              "\n",
              "    .dataframe thead th {\n",
              "        text-align: right;\n",
              "    }\n",
              "</style>\n",
              "<table border=\"1\" class=\"dataframe\">\n",
              "  <thead>\n",
              "    <tr style=\"text-align: right;\">\n",
              "      <th></th>\n",
              "      <th>date</th>\n",
              "      <th>v</th>\n",
              "      <th>vw</th>\n",
              "      <th>o</th>\n",
              "      <th>c</th>\n",
              "      <th>h</th>\n",
              "      <th>l</th>\n",
              "      <th>n</th>\n",
              "      <th>prev_close</th>\n",
              "      <th>daily_return</th>\n",
              "      <th>abs_daily_return</th>\n",
              "      <th>outlier_id</th>\n",
              "      <th>day type</th>\n",
              "    </tr>\n",
              "  </thead>\n",
              "  <tbody>\n",
              "    <tr>\n",
              "      <th>0</th>\n",
              "      <td>2024-06-27</td>\n",
              "      <td>147731</td>\n",
              "      <td>0.8973</td>\n",
              "      <td>0.89704</td>\n",
              "      <td>0.898520</td>\n",
              "      <td>0.898880</td>\n",
              "      <td>0.89550</td>\n",
              "      <td>147731</td>\n",
              "      <td>NaN</td>\n",
              "      <td>NaN</td>\n",
              "      <td>NaN</td>\n",
              "      <td>1</td>\n",
              "      <td>prior day</td>\n",
              "    </tr>\n",
              "    <tr>\n",
              "      <th>1</th>\n",
              "      <td>2024-06-28</td>\n",
              "      <td>149653</td>\n",
              "      <td>0.8991</td>\n",
              "      <td>0.89853</td>\n",
              "      <td>0.898526</td>\n",
              "      <td>0.900970</td>\n",
              "      <td>0.89770</td>\n",
              "      <td>149653</td>\n",
              "      <td>0.89852</td>\n",
              "      <td>0.000007</td>\n",
              "      <td>0.000007</td>\n",
              "      <td>1</td>\n",
              "      <td>prior day</td>\n",
              "    </tr>\n",
              "    <tr>\n",
              "      <th>3</th>\n",
              "      <td>2024-07-01</td>\n",
              "      <td>141139</td>\n",
              "      <td>0.9012</td>\n",
              "      <td>0.90033</td>\n",
              "      <td>0.903210</td>\n",
              "      <td>0.904500</td>\n",
              "      <td>0.89810</td>\n",
              "      <td>141139</td>\n",
              "      <td>0.90034</td>\n",
              "      <td>0.003188</td>\n",
              "      <td>0.003188</td>\n",
              "      <td>1</td>\n",
              "      <td>prior day</td>\n",
              "    </tr>\n",
              "    <tr>\n",
              "      <th>4</th>\n",
              "      <td>2024-07-02</td>\n",
              "      <td>146719</td>\n",
              "      <td>0.9040</td>\n",
              "      <td>0.90316</td>\n",
              "      <td>0.903700</td>\n",
              "      <td>0.904960</td>\n",
              "      <td>0.90154</td>\n",
              "      <td>146719</td>\n",
              "      <td>0.90321</td>\n",
              "      <td>0.000543</td>\n",
              "      <td>0.000543</td>\n",
              "      <td>1</td>\n",
              "      <td>prior day</td>\n",
              "    </tr>\n",
              "    <tr>\n",
              "      <th>5</th>\n",
              "      <td>2024-07-03</td>\n",
              "      <td>120113</td>\n",
              "      <td>0.9023</td>\n",
              "      <td>0.90372</td>\n",
              "      <td>0.900720</td>\n",
              "      <td>0.905030</td>\n",
              "      <td>0.89830</td>\n",
              "      <td>120113</td>\n",
              "      <td>0.90370</td>\n",
              "      <td>-0.003298</td>\n",
              "      <td>0.003298</td>\n",
              "      <td>1</td>\n",
              "      <td>prior day</td>\n",
              "    </tr>\n",
              "    <tr>\n",
              "      <th>6</th>\n",
              "      <td>2024-07-04</td>\n",
              "      <td>120106</td>\n",
              "      <td>0.9006</td>\n",
              "      <td>0.90076</td>\n",
              "      <td>0.900200</td>\n",
              "      <td>0.903910</td>\n",
              "      <td>0.89890</td>\n",
              "      <td>120106</td>\n",
              "      <td>0.90072</td>\n",
              "      <td>-0.000577</td>\n",
              "      <td>0.000577</td>\n",
              "      <td>1</td>\n",
              "      <td>prior day</td>\n",
              "    </tr>\n",
              "    <tr>\n",
              "      <th>7</th>\n",
              "      <td>2024-07-05</td>\n",
